k (in Mpc^-1), P(k)
1e-06,2.817159654890306e-09
1.0186101701559753e-06,2.826278065143321e-09
1.037566678745185e-06,2.8241887454509586e-09
1.0568759711848029e-06,2.822065928176371e-09
1.0765446128423137e-06,2.819908497774191e-09
1.0965792912678076e-06,2.817715309941527e-09
1.1169868184678202e-06,2.8154851851786505e-09
1.137774133221488e-06,2.813216912219432e-09
1.158948303439807e-06,2.810909246600421e-09
1.1805165285688008e-06,2.8085609101006904e-09
1.2024861420374074e-06,2.8061705901551303e-09
1.2248646137509256e-06,2.815183737250335e-09
1.2476595526308633e-06,2.8131046988180763e-09
1.2708787092020518e-06,2.810992469751399e-09
1.2945299782279081e-06,2.808845944750328e-09
1.3186214013947404e-06,2.8066639860770663e-09
1.343161170046007e-06,2.804445426886906e-09
1.3681576279674622e-06,2.8021890648442908e-09
1.393619274224132e-06,2.7998936656220307e-09
1.4195547660500899e-06,2.7975579612065364e-09
1.445972921792008e-06,2.7951806496091092e-09
1.4728827239074897e-06,2.792760394346218e-09
1.5002933220192043e-06,2.802023377214041e-09
1.5282140360258554e-06,2.7999213672634372e-09
1.556654359271046e-06,2.7977853654125704e-09
1.585623961771121e-06,2.7956142431193815e-09
1.615132693503073e-06,2.793406842918585e-09
1.645190587753644e-06,2.7911619720764855e-09
1.6758078645307481e-06,2.7888784059439787e-09
1.706994934038387e-06,2.7865548864789553e-09
1.738762400216229e-06,2.7841901218881727e-09
1.7711210643450652e-06,2.7817827859290216e-09
1.804081928719359e-06,2.790945158538013e-09
1.837656200388146e-06,2.7888530107984496e-09
1.8718552949655524e-06,2.7867271634424334e-09
1.9066908405122247e-06,2.7845664977418418e-09
1.942174681488997e-06,2.7823698623703712e-09
1.978318882784134e-06,2.7801360767137204e-09
2.0151357338155253e-06,2.7778639245628303e-09
2.0526377527092188e-06,2.7755521575618704e-09
2.090837690555716e-06,2.773199493621016e-09
2.129748535745484e-06,2.77080461649055e-09
2.169383518385147e-06,2.779870208672528e-09
2.2097561147958627e-06,2.7777875710052444e-09
2.2508800520954204e-06,2.775671514392897e-09
2.2927693128656066e-06,2.773520928564553e-09
2.3354381399064338e-06,2.771334670929267e-09
2.378901041078847e-06,2.7691115697831988e-09
2.423172794237551e-06,2.7668504180440984e-09
2.468268452255642e-06,2.764549976551517e-09
2.5142033481427452e-06,2.7622089726429673e-09
2.5609931002584044e-06,2.759826099794227e-09
2.608653617622492e-06,2.7687987733778147e-09
2.657201105324447e-06,2.766725301283147e-09
2.7066520700331802e-06,2.764618679464046e-09
2.7570233256095205e-06,2.7624778058427455e-09
2.8083319988231065e-06,2.7603015471947677e-09
2.860595535175675e-06,2.758088737502206e-09
2.9138317048327174e-06,2.755838181303938e-09
2.9680586086655297e-06,2.7535486473982203e-09
3.0232946844057022e-06,2.7512188722997226e-09
3.079558712914148e-06,2.748847558709218e-09
3.1368698245667965e-06,2.757731111164304e-09
3.1952475057591285e-06,2.7556664682220924e-09
3.2547116055317618e-06,2.7535689335539013e-09
3.3152823423193356e-06,2.751437413067959e-09
3.376980310824998e-06,2.749270781536761e-09
3.4398264890228296e-06,2.747067881222311e-09
3.5038422452905756e-06,2.7448275250862116e-09
3.5690493456751274e-06,2.7425484905833322e-09
3.6354699612932135e-06,2.740229522938727e-09
3.7031266758698173e-06,2.7378693337548667e-09
3.772042493416886e-06,2.746667400768791e-09
3.842240846054943e-06,2.744611255783484e-09
3.913745601980264e-06,2.7425224661099505e-09
3.986581073580317e-06,2.740399945248186e-09
4.060772025700236e-06,2.7382425756978193e-09
4.136343684063142e-06,2.7360492086350257e-09
4.213321743847151e-06,2.733818662262592e-09
4.2917323784220175e-06,2.7315497251460793e-09
4.37160224824836e-06,2.7292411499948776e-09
4.452958509942505e-06,2.726891657087173e-09
4.535828825510034e-06,2.7356077994409193e-09
4.620241371751153e-06,2.7335598257818434e-09
4.706224849841118e-06,2.7314794436291976e-09
4.79380849508894e-06,2.729365573667777e-09
4.883022086877704e-06,2.7272171059433605e-09
4.973895958789885e-06,2.725032899163385e-09
5.066461008921082e-06,2.722811779348183e-09
5.160748710385717e-06,2.720552543008617e-09
5.2567911220182264e-06,2.718253951019997e-09
5.3546208992734045e-06,2.715914731875767e-09
5.454271305329625e-06,2.7245526182999455e-09
5.555776222398662e-06,2.722512499376047e-09
5.659170163246023e-06,2.720440197512372e-09
5.7644882829256496e-06,2.718334640417934e-09
5.871766390733021e-06,2.7161947252765994e-09
5.981040962380699e-06,2.714019318085573e-09
6.0923491524004625e-06,2.711807253293854e-09
6.205728806776247e-06,2.7095573322290832e-09
6.32121847581219e-06,2.707268326343522e-09
6.438857427240149e-06,2.7049389711474543e-09
6.558685659571153e-06,2.7135020689424894e-09
6.680743915695327e-06,2.7114694945923533e-09
6.8050736967349135e-06,2.709404952501971e-09
6.931717276155102e-06,2.707307377133339e-09
7.060717714137462e-06,2.70517567243329e-09
7.192118872220869e-06,2.703008711487008e-09
7.325965428214901e-06,2.7008053358251887e-09
7.462302891390773e-06,2.6985643541235375e-09
7.60117761795498e-06,2.6962845453282422e-09
7.742636826810913e-06,2.693964652605945e-09
7.886728615613783e-06,2.702456240818738e-09
8.033501977124358e-06,2.7004309030794464e-09
8.183006815867004e-06,2.698373802567804e-09
8.335293965097796e-06,2.6962838800517183e-09
8.490415204088338e-06,2.6941600460887254e-09
8.648423275731303e-06,2.692001180437369e-09
8.80937190447356e-06,2.6898061314893992e-09
8.97331581458308e-06,2.6875737158523477e-09
9.140310748755774e-06,2.685302716856821e-09
9.310413487068609e-06,2.6829918877459452e-09
9.483681866285444e-06,2.6914152801336834e-09
9.660174799522151e-06,2.6893968753521693e-09
9.839952296277725e-06,2.687346902475311e-09
1.0023075482838132e-05,2.685264308447738e-09
1.0209606623059932e-05,2.6831480101143844e-09
1.0399609139540649e-05,2.680996893559425e-09
1.0593147635183137e-05,2.678809813802186e-09
1.0790287915161263e-05,2.676585594074829e-09
1.0991097009294378e-05,2.6743230245814533e-09
1.1195643194838175e-05,2.672020865585804e-09
1.1403996019699701e-05,2.680379444166328e-09
1.1616226326084378e-05,2.6783676766906982e-09
1.1832406274583126e-05,2.676324525982941e-09
1.2052609368707748e-05,2.674248944804011e-09
1.2276910479882901e-05,2.672139855870397e-09
1.2505385872903198e-05,2.6699961515008887e-09
1.2738113231864056e-05,2.6678166928847013e-09
1.2975171686575125e-05,2.6656003096885486e-09
1.3216641839465279e-05,2.6633457995437506e-09
1.3462605792988312e-05,2.6610519266755207e-09
1.3713147177538642e-05,2.6693488082493466e-09
1.3968351179886568e-05,2.667343384286027e-09
1.4228304572142675e-05,2.6653067520639914e-09
1.4493095741261292e-05,2.663237869830746e-09
1.4762814719093005e-05,2.661135666084935e-09
1.5037553212996461e-05,2.6589990388729613e-09
1.5317404637019857e-05,2.656826855364422e-09
1.5602464143662724e-05,2.6546179513609415e-09
1.589282865622879e-05,2.6523711306573214e-09
1.6188596901780968e-05,2.6500851638685006e-09
1.6489869444709605e-05,2.658323627126805e-09
1.6796748720925465e-05,2.656324260931865e-09
1.7109339072689053e-05,2.6542938517886734e-09
1.742774678408807e-05,2.6522313633091682e-09
1.7752080117175198e-05,2.650135729331475e-09
1.8082449348778334e-05,2.648005853437901e-09
1.8418966807995904e-05,2.6458406085089967e-09
1.876174691438997e-05,2.6436388360552025e-09
1.9110906216890108e-05,2.641399345913668e-09
1.9466563433421317e-05,2.6391209146768767e-09
1.9828839491269378e-05,2.64730392270398e-09
2.019785756819742e-05,2.645310328352255e-09
2.057374313432773e-05,2.6432858468642966e-09
2.0956623994802898e-05,2.641229446745604e-09
2.1346630333240968e-05,2.6391400669592706e-09
2.1743894755999288e-05,2.637016616414259e-09
2.214855233726205e-05,2.634857973263886e-09
2.2560740664967025e-05,2.632662984612541e-09
2.298059988758689e-05,2.6304304658577746e-09
2.3408272761781267e-05,2.6281592002985885e-09
2.3843904700935496e-05,2.6362899617033895e-09
2.4287643824602768e-05,2.634301861924543e-09
2.4739641008866346e-05,2.632283021347195e-09
2.520004993763909e-05,2.630232413290991e-09
2.566902715491763e-05,2.6281489815987824e-09
2.6146732118008995e-05,2.6260316400314223e-09
2.663332725174785e-05,2.6238792719461063e-09
2.7128978003722646e-05,2.6216907296000106e-09
2.763385290052964e-05,2.619464833746075e-09
2.8148123605073685e-05,2.6172003731738364e-09
2.867196497493553e-05,2.625281769115463e-09
2.9205555121825243e-05,2.623298886483259e-09
2.9749075472142122e-05,2.6212854001913223e-09
3.0302710828661637e-05,2.6192402879457768e-09
3.086664943337035e-05,2.617162498099243e-09
3.144108303147021e-05,2.615050949230813e-09
3.202620693657402e-05,2.6129045294224717e-09
3.2622220097114125e-05,2.6107220958726067e-09
3.32293251639871e-05,2.608502474416885e-09
3.3847728559457125e-05,2.6062444589511266e-09
3.4477640547341895e-05,2.614279569683195e-09
3.5119275304504475e-05,2.6123016330397624e-09
3.5772850993675846e-05,2.6102932215790398e-09
3.64385898376325e-05,2.608253316309237e-09
3.711671819475463e-05,2.6061808699735473e-09
3.78074666359904e-05,2.604074805437332e-09
3.851107002325254e-05,2.6019340153706436e-09
3.9227767589273944e-05,2.5997573616645467e-09
3.995780301894938e-05,2.5975436748302737e-09
4.070142453219098e-05,2.5952917537360615e-09
4.145888496832563e-05,2.6032833606911973e-09
4.223044187206318e-05,2.6013100997066346e-09
4.30163575810643e-05,2.599306482749712e-09
4.3816899315138176e-05,2.5972714947804545e-09
4.463233926710014e-05,2.595204092462916e-09
4.546295469532009e-05,2.593103202929762e-09
4.630902801799339e-05,2.5909677230729362e-09
4.717084690916607e-05,2.5887965190741882e-09
4.804870439654712e-05,2.5865884260419764e-09
4.8942898961141014e-05,2.584342247315749e-09
4.985373463873455e-05,2.5922933121991184e-09
5.0781521123272234e-05,2.5903244608000328e-09
5.172657387215559e-05,2.5883253632970248e-09
5.268921421350203e-05,2.586295008270937e-09
5.3669769455399926e-05,2.5842323562759833e-09
5.466857299719689e-05,2.5821363382117205e-09
5.568596444285908e-05,2.580005854949649e-09
5.6722289716440274e-05,2.5778397768506266e-09
5.777790117969975e-05,2.5756369431017975e-09
5.885315775190909e-05,2.573396161447227e-09
5.9948425031888566e-05,2.5813094809567186e-09
6.106407542231474e-05,2.5793447751160334e-09
6.220048825634133e-05,2.5773499223325836e-09
6.335804992657658e-05,2.5753239172908117e-09
6.453715401646094e-05,2.5732657230712973e-09
6.573820143408966e-05,2.5711742742591105e-09
6.696160054852585e-05,2.5690484754638927e-09
6.820776732865037e-05,2.5668872007488006e-09
6.947712548459572e-05,2.564689293324926e-09
7.077010661181209e-05,2.5624535648754043e-09
7.208715033781443e-05,2.5703319582829664e-09
7.342870447166052e-05,2.568371134597907e-09
7.479522515621094e-05,2.566380256028324e-09
7.61871770232225e-05,2.5643583204440736e-09
7.760503335132809e-05,2.562304294206657e-09
7.904927622695644e-05,2.5602171151957313e-09
8.05203967082468e-05,2.5580956914263527e-09
8.201889499201389e-05,2.5559389006004796e-09
8.354528058382035e-05,2.5537455894592673e-09
8.510007247121393e-05,2.5515145734960473e-09
8.668379930018905e-05,2.5593608659254312e-09
8.829699955493197e-05,2.5574036653271578e-09
8.994022174091133e-05,2.5554164940742902e-09
9.161402457137584e-05,2.5533983503372843e-09
9.331897715732285e-05,2.5513482060196495e-09
9.505565920100219e-05,2.549265001289001e-09
9.682466119302124e-05,2.547147647322877e-09
9.862658461311802e-05,2.5449950250160765e-09
0.00010046204213467084,2.5428059845711664e-09
0.00010233165783301383,2.540579344868435e-09
0.00010423606739762925,2.5483962257829997e-09
0.00010617591834828882,2.546442389197032e-09
0.00010815187025521742,2.5444586565486877e-09
0.00011016459496335397,2.5424440286673944e-09
0.00011221477682078609,2.5403974803006367e-09
0.0001143031129114357,2.5383179542816256e-09
0.00011643031329207517,2.5362043647660017e-09
0.0001185971012337542,2.5340555956909e-09
0.00012080421346771981,2.5318705002415355e-09
0.00012305240043591282,2.529647900558617e-09
0.00012534242654612635,2.5374381421731522e-09
0.0001276750704319126,2.5354874133389197e-09
0.0001300511252173266,2.533506854471365e-09
0.0001324713987865971,2.5314954687437187e-09
0.00013493671405881576,2.5294522333710158e-09
0.0001374479092677385,2.5273760938510264e-09
0.00014000583824679415,2.525265966914979e-09
0.00014261137071939695,2.5231207391731877e-09
0.00014526539259466178,2.5209392667475015e-09
0.00014796880626862297,2.518720374605431e-09
0.0001507225309310586,2.5264867914197654e-09
0.00015352750287802485,2.524538919562765e-09
0.00015638467583020685,2.522561275184227e-09
0.00015929502125719406,2.5205528645278505e-09
0.00016225952870779013,2.51851266448152e-09
0.00016527920614647045,2.5164396253474472e-09
0.0001683550802961008,2.5143326654519427e-09
0.0001714881969870341,2.512190673906741e-09
0.00017467962151270422,2.510012509283876e-09
0.000177930438991837,2.507796999266953e-09
0.00018124175473740247,2.515542121323906e-09
0.00018461469463243305,2.5135968529675736e-09
0.00018805040551283606,2.511621861149073e-09
0.00019155005555733008,2.5096161539542e-09
0.00019511483468463852,2.5075787102772395e-09
0.00019874595495807462,2.5055084825658822e-09
0.00020244465099765617,2.5034043911424367e-09
0.0002062121803998896,2.5012653273735676e-09
0.00021004982416536618,2.499090152172977e-09
0.00021395888713431633,2.496877695489932e-09
0.00021794069843026907,2.5046041475894045e-09
0.00022199661191196846,2.5026612290968176e-09
0.0002261280066337002,2.500688627598929e-09
0.00023033628731418488,2.4986853529367384e-09
0.00023462288481419745,2.496650385664134e-09
0.00023898925662307544,2.494582680032479e-09
0.00024343688735428093,2.492481158321522e-09
0.0002479672892501851,2.4903447137775118e-09
0.000252582002696247,2.488172209284873e-09
0.00025728259674476114,2.485962476999992e-09
0.0002620706696483523,2.4936728983079175e-09
0.00026694784940339855,2.49173207619454e-09
0.00027191579430356743,2.4897616030913274e-09
0.000276976193503654,2.4877604902003965e-09
0.0002821307675939113,2.485727720455552e-09
0.00028738126918506987,2.4836622471394188e-09
0.00029272948350424417,2.481562996595776e-09
0.0002981772290019289,2.479428862996175e-09
0.000303726357970292,2.47725871096187e-09
0.0003093787571729738,2.484658810105172e-09
0.000315136348486607,2.4827485022505437e-09
0.0003210010895542755,2.4808095268408513e-09
0.000326974974451134,2.478840924051269e-09
0.0003330600343624153,2.4768417062839377e-09
0.00033925833827405476,2.4748108576832087e-09
0.0003455719936761684,2.4727473328401847e-09
0.0003520031472796214,2.470650059519503e-09
0.000358553985745934,2.4685179332148604e-09
0.000365226736430769,2.4663498201072596e-09
0.00037202366814125714,2.473739715982929e-09
0.000378947091907416,2.4718309911262153e-09
0.000385999361767925,2.4698936131152153e-09
0.00039318287557052397,2.4679266229577774e-09
0.00040050007578730707,2.465929034036528e-09
0.0004079534503451898,2.463899831488632e-09
0.00041554553347183097,2.461837970932268e-09
0.00042327890655729724,2.4597423812791334e-09
0.0004311561990317638,2.45761195921954e-09
0.00043918008925954844,2.4554455720882904e-09
0.000447353305449785,2.4628277214968247e-09
0.0004556786265840435,2.4609203367839843e-09
0.0004641588833612137,2.4589843050605105e-09
0.0004727969591599733,2.457018668098066e-09
0.0004815957910191681,2.455022439910997e-09
0.0004905583706364364,2.452994606428655e-09
0.0004996877453854184,2.450934124073362e-09
0.0005089870193518966,2.448839922577098e-09
0.0005184593543892181,2.4467108995630997e-09
0.0005281079711933586,2.44454592340441e-09
0.0005379361503979938,2.4519229127993474e-09
0.0005479472336899509,2.4500166275794287e-09
0.0005581446249454168,2.4480816935153414e-09
0.000568531791387294,2.446117152703077e-09
0.0005791122647640929,2.4441220197301687e-09
0.0005898896425507649,2.4420952809690195e-09
0.000600867589171882,2.4400358942529196e-09
0.0006120498372475814,2.4379427874832626e-09
0.0006234401888626958,2.435814861383079e-09
0.000635042516859504,2.4336509841985545e-09
0.0006468607661545381,2.441025280818386e-09
0.0006588989550798986,2.4391198534287944e-09
0.0006711611767495298,2.437185767194241e-09
0.0006836516004509231,2.435222064481656e-09
0.0006963744730627198,2.4332277600067e-09
0.0007093341204986945,2.4312018405129343e-09
0.0007225349491786142,2.4291432640722426e-09
0.0007359814475264672,2.4270509589924183e-09
0.0007496781874965757,2.424923826440343e-09
0.0007636298261281102,2.4227607350619654e-09
0.0007778411071285321,2.430134792408207e-09
0.0007923168624865063,2.4282299793013826e-09
0.0008070620141148287,2.4262964891946752e-09
0.0008220815755239296,2.424333364424952e-09
0.0008373806535265223,2.4223396197698015e-09
0.0008529644499739726,2.4203142419185265e-09
0.000868838263524986,2.418256189102389e-09
0.0008850074914472082,2.416164389670347e-09
0.0009014776314523534,2.4140377449680235e-09
0.0009182542835654874,2.4118751239134857e-09
0.0009353431520290942,2.4192514660444244e-09
0.0009527500472425818,2.417347023523085e-09
0.0009704808877378799,2.415413877783385e-09
0.0009885417021918035,2.4134510708168597e-09
0.0010069386314758705,2.411457617188014e-09
0.0010256779307442614,2.4094325034146388e-09
0.0010447659715606408,2.4073746874991742e-09
0.001064209244064557,2.4052830985130675e-09
0.0010840143591781602,2.4031566352921596e-09
0.0011041880508539863,2.4102518415255675e-09
0.0011247371783645738,2.4083753325147788e-09
0.0011456687286346898,2.4064710173458866e-09
0.0011669898186169613,2.404537964540116e-09
0.0011887076977117137,2.4025752156854578e-09
0.0012108297502318461,2.400581784790344e-09
0.001233363497913578,2.3985566579748543e-09
0.0012563166024739186,2.396498792827449e-09
0.0012796968682157349,2.3944071180281137e-09
0.0013035122446812982,2.392280532086406e-09
0.0013277708293552145,2.3993829002055326e-09
0.0013524808704176556,2.397506313622217e-09
0.0013776507695488296,2.3956018790800436e-09
0.0014032890847856436,2.393668664302898e-09
0.001429404533431527,2.3917057101348494e-09
0.0014560059950204103,2.389712029959633e-09
0.00148310251433586,2.3876866091243744e-09
0.0015107033044864052,2.3856284046374314e-09
0.0015388177500380914,2.383536344502712e-09
0.0015674554102053351,2.3814093266618515e-09
0.0015966260221011608,2.388521363144557e-09
0.001626339504047921,2.3866444613525056e-09
0.0016566059589496374,2.384739661807952e-09
0.0016874356777270927,2.3828060313400908e-09
0.0017188391428168575,2.3808426097630724e-09
0.0017508270317354298,2.378848409535514e-09
0.0017834102207097073,2.3768224151385744e-09
0.0018165997883750201,2.37476358261207e-09
0.0018504070195419881,2.3726708391756408e-09
0.0018848434090334755,2.3705430818642844e-09
0.001919920665592957,2.3776671341501582e-09
0.0019556507158656152,2.3757896754377593e-09
0.0019920457084535294,2.3738842611195997e-09
0.0020291180180463295,2.3719499568586663e-09
0.002066880249628727,2.369985801332476e-09
0.002105345242766342,2.3679908057498438e-09
0.002144526075971297,2.3659639534948265e-09
0.002184436071149049,2.3639041994597987e-09
0.0022250887981279826,2.361810469737042e-09
0.002266498079273299,2.3686714520651403e-09
0.0023086779941867658,2.3668203092713464e-09
0.0023516428844939374,2.3649420545502053e-09
0.0023954073587204583,2.3630357785019233e-09
0.002439986297259121,2.361100545306484e-09
0.002485394857429361,2.3591353922758048e-09
0.0025316484786309075,2.3571393292367854e-09
0.002578762887593345,2.3551113381124734e-09
0.0026267541037233713,2.3530503725107203e-09
0.002675638444551569,2.35095535710007e-09
0.002725432531280543,2.357832791991785e-09
0.0027761532944363043,2.3559806775818993e-09
0.002827817979624835,2.3541013796869427e-09
0.0028804441533957794,2.3521939865598056e-09
0.002934049709215259,2.3502575607205293e-09
0.0029886528735498445,2.3482911377826903e-09
0.003044272212063752,2.346293725998629e-09
0.0031009266359313657,2.3442643056444684e-09
0.003158635408267244,2.3422018286884383e-09
0.003217418150675786,2.3401052182581234e-09
0.0032772948499227854,2.347001664781706e-09
0.00333828586473115,2.3451483432213746e-09
0.0034004119327030835,2.343267758064168e-09
0.0034636941773710963,2.3413589956373125e-09
0.0035281541153802335,2.3394211166580594e-09
0.0035938136638039644,2.3374531548440116e-09
0.0036606951475962246,2.335454116546339e-09
0.0037288213071821432,2.3334229802517934e-09
0.0037982153061900292,2.3313586960173273e-09
0.0038689007393272554,2.3292601851700714e-09
0.003940901640402714,2.3361779615613966e-09
0.004014242490498571,2.334323192013246e-09
0.004088948226294096,2.3324410708077128e-09
0.004165044248544402,2.3305306821114136e-09
0.004242556430716978,2.328591084557036e-09
0.004321511127788949,2.3266213098178158e-09
0.004401935185208042,2.3246203620897144e-09
0.004483855948020339,2.3225872177646333e-09
0.004567301270167879,2.3205208248596304e-09
0.004652299523959304,2.327191598176452e-09
0.00473887960971675,2.3253616976939793e-09
0.00482707096560226,2.3235052392349132e-09
0.004916903577627085,2.321621333044973e-09
0.00500840798984725,2.3197090610560276e-09
0.005101615314748852,2.3177674794829636e-09
0.005196557243826659,2.3157956177085117e-09
0.005293266058359538,2.3137924776384118e-09
0.005391774640386458,2.311757033267738e-09
0.0054921164838867215,2.3096882303374404e-09
0.005594325706168291,2.3163845639536655e-09
0.005698437059468029,2.3145528331295456e-09
0.0058044859427678445,2.312694442795095e-09
0.005912508413830721,2.3108085006557215e-09
0.006022541201460746,2.3088940861386507e-09
0.006134621717991302,2.3069502529473072e-09
0.006248788072005661,2.304976027830533e-09
0.006365079081294315,2.3029704101998244e-09
0.006483534286053441,2.30093237149265e-09
0.0066041939623289955,2.29886085483288e-09
0.006727099135711003,2.3055849904122795e-09
0.006852291595282698,2.3037511872600996e-09
0.006979813907829268,2.30189061584305e-09
0.007109709432311013,2.3000023788690147e-09
0.007242022334605864,2.298085555223826e-09
0.007376797602526252,2.29613919515062e-09
0.007514081061115456,2.294162322609647e-09
0.007653919388228606,2.2921539341607265e-09
0.007796360130403658,2.290112998507743e-09
0.007941451719027732,2.288038455931289e-09
0.0080892434868043,2.2947928199345847e-09
0.008239785684526843,2.2929566998438106e-09
0.008393129498164656,2.2910936939112366e-09
0.008549327066266637,2.2892029019108803e-09
0.008708431497688945,2.287283399731719e-09
0.008870496889652588,2.285334234618243e-09
0.009035578346137073,2.2833544275466142e-09
0.009203731996616329,2.281342972023389e-09
0.009375015015143354,2.2792988337191576e-09
0.009549485639789993,2.285820668531905e-09
0.009727203192448528,2.2840081229691505e-09
0.00990822809900174,2.2821694431868413e-09
0.010092621909868383,2.2803037520156436e-09
0.010280447320930964,2.278410146090986e-09
0.010471768194853034,2.2764876981161354e-09
0.010666649582793184,2.274535452073417e-09
0.010865157746523134,2.272552425738247e-09
0.011067360180957449,2.2705376093473766e-09
0.011273325637102536,2.2684899652826915e-09
0.01148312414543274,2.2750459254447724e-09
0.011696827039701435,2.2732307001502808e-09
0.0119145069811953,2.2713892102867107e-09
0.012136237983439905,2.2695205753372147e-09
0.012362095437365137,2.2676238885274843e-09
0.012592156136938915,2.265698219180494e-09
0.012826498305277963,2.263742607788748e-09
0.01306520162124452,2.2617560686536576e-09
0.013308347246538012,2.2597375885866045e-09
0.013556017853290896,2.2576861264079874e-09
0.013808297652178085,2.26427864093167e-09
0.01406527242104948,2.2624604908526875e-09
0.014327029534095365,2.2606159378225733e-09
0.01459365799155457,2.2587440977865057e-09
0.014865248449975516,2.2568440603200847e-09
0.015141893253040415,2.2549148911247225e-09
0.015423686462963118,2.252955627024227e-09
0.015710723892471284,2.250965278600257e-09
0.016003103137383727,2.2489428289509674e-09
0.01630092360979407,2.2553143569845955e-09
0.0166042865718719,2.253518719881347e-09
0.01691329517029302,2.251697396032298e-09
0.017228054471310417,2.2498495227303176e-09
0.017548671496477923,2.2479742121476814e-09
0.0178752552590387,2.2460705500145816e-09
0.01820791680099091,2.2441375981630524e-09
0.018546769230843203,2.242174389556778e-09
0.01889192776207281,2.2401799307870213e-09
0.019243509752299385,2.2381532010247564e-09
0.019601634743187858,2.2445649284683483e-09
0.01996642450109387,2.2427660135909196e-09
0.020338003058465674,2.240941261180876e-09
0.020716496756016473,2.239089804543734e-09
0.021102034285681658,2.237210751845101e-09
0.02149474673437543,2.2353031847594285e-09
0.021894767628561764,2.2333661610110728e-09
0.02230223297965485,2.231398709431432e-09
0.02271728133026444,2.2293998324894237e-09
0.02314005380130183,2.2273685051064447e-09
0.023570694139962493,2.2338229223127906e-09
0.024009348768601654,2.2320204810093874e-09
0.024456166834519504,2.2301920432555663e-09
0.024911300260672842,2.2283367382209712e-09
0.025374903797330563,2.226453669781317e-09
0.025847135074690403,2.224541915388681e-09
0.026328154656474884,2.2226005283882417e-09
0.026818126094524726,2.2206285332948182e-09
0.027317215984408248,2.218624928169703e-09
0.027825594022065626,2.2248691693638983e-09
0.02834343306150737,2.2230882628915055e-09
0.02887090917358653,2.221282043280178e-09
0.029408201705864702,2.219449660136679e-09
0.029955493343592095,2.2175902382558304e-09
0.030512970171822546,2.2157028770395083e-09
0.03108082173868438,2.213786650162327e-09
0.031659241119828846,2.2118406042907987e-09
0.03224842498407793,2.2098637614567456e-09
0.03284857366029384,2.2078551144296785e-09
0.03345989120549301,2.2141454773758766e-09
0.03408258547422767,2.212360702386774e-09
0.034716868189258634,2.21055044333358e-09
0.03536295501354332,2.208713845229842e-09
0.036021065623563484,2.206850028264384e-09
0.03669142378401757,2.204958087157643e-09
0.03737425742390315,2.2030370908447275e-09
0.03806979871401523,2.201086081227968e-09
0.038778284145886806,2.1991040754906025e-09
0.03949995461219853,2.197090061587565e-09
0.04023505548868487,2.2034290734924015e-09
0.04098383671756442,2.201640174300699e-09
0.04174655289252302,2.1998256118398275e-09
0.04252346334527832,2.1979845263335976e-09
0.043314832233755346,2.196116033103512e-09
0.04412092863190308,2.1942192219893563e-09
0.04494202662118246,2.1922931569449628e-09
0.045778405383757055,2.190336874898651e-09
0.046630349297418015,2.1883493879567483e-09
0.04749814803227555,2.1944881736032536e-09
0.04838209664924993,2.1927199027619625e-09
0.04928249570039533,2.1909266212546608e-09
0.05019965133109084,2.189107488935431e-09
0.051133875384133096,2.18726164103272e-09
0.05208548550576627,2.1853881877926934e-09
0.053054805253685194,2.183486213944336e-09
0.054042164207048424,2.181554778241495e-09
0.055047898078538784,2.1795929123852707e-09
0.05607234882850921,2.1775996232154545e-09
0.057115864781252995,2.1837904848894894e-09
0.058178800743437814,2.1820177567193655e-09
0.059261518124743805,2.180219826954015e-09
0.06036438506074673,2.1783958502879413e-09
0.06148777653808806,2.1765449567485898e-09
0.0626320745219745,2.174666251260801e-09
0.06379766808605021,2.1727588132366015e-09
0.06498495354468606,2.170821695982573e-09
0.06619433458773084,2.168853925763478e-09
0.06742622241777012,2.174852830827515e-09
0.06868103588993948,2.1730999573777495e-09
0.06995920165433994,2.1713225094985517e-09
0.07126115430110343,2.1695196606541653e-09
0.07258733650815821,2.16769056016093e-09
0.0739381991917441,2.165834332628241e-09
0.0753142016597289,2.1639500774369777e-09
0.07671581176777792,2.1620368684255424e-09
0.07814350607843007,2.1600937532655904e-09
0.07959777002313419,2.158119752527806e-09
0.08107909806730094,2.1641741188191655e-09
0.08258799387842647,2.1624164606482784e-09
0.08412497049734466,2.1606340256270727e-09
0.08569055051266669,2.158825981714757e-09
0.08728526623846666,2.1569914726233104e-09
0.08890965989527416,2.155129617300909e-09
0.09056428379443517,2.1532395093861265e-09
0.09224970052590367,2.151320216898005e-09
0.09396648314952855,2.149370781654707e-09
0.09571521538989991,2.1473902182950258e-09
0.09749649183482183,2.1535025073426036e-09
0.09931091813747857,2.1517397982321903e-09
0.10115911122236321,2.14995210130612e-09
0.10304169949503868,2.148138578801809e-09
0.10495932305580227,2.1462983686011854e-09
0.10691263391732679,2.144430583755411e-09
0.10890229622635178,2.142534311940492e-09
0.11092898648950067,2.1406086151330308e-09
0.11299339380330022,2.138652529052719e-09
0.11509622008848082,2.1445815343984097e-09
0.11723818032863707,2.142837891751971e-09
0.11942000281333,2.1410698613622686e-09
0.12164242938571315,2.139276623554774e-09
0.12390621569476755,2.137457334630664e-09
0.1262121314522302,2.1356111264073967e-09
0.12856096069430462,2.1337371058211967e-09
0.13095350204824133,2.131834354349699e-09
0.13339056900388002,2.129901927707166e-09
0.13587299019024468,2.1279388552803766e-09
0.13840160965728635,2.1339290775329242e-09
0.14097728716286936,2.132180057686613e-09
0.14360089846509824,2.1304064277376973e-09
0.1462733356200847,2.1286073619172516e-09
0.14899550728525662,2.126782010354941e-09
0.15176833902831122,2.1249294985914126e-09
0.1545927736419179,2.1230489272128083e-09
0.15746977146427824,2.121139371273001e-09
0.16040031070565106,2.1191998799849322e-09
0.16338538778095463,2.1250141521381092e-09
0.16642601764855827,2.1232835115479025e-09
0.16952323415537937,2.121528838796794e-09
0.17267809038840232,2.119749324798088e-09
0.17589165903273943,2.11794413746697e-09
0.1791650327363556,2.116112420530553e-09
0.18249932448158016,2.1142532930263724e-09
0.18589566796353302,2.1123658489647906e-09
0.18935521797559313,2.1104491567407614e-09
0.1928791508020408,2.1085022588347176e-09
0.19646866461800686,2.1143810063726443e-09
0.2001249798968653,2.112644664403318e-09
0.20384933982520723,2.110884056614661e-09
0.20764301072553767,2.109098367483646e-09
0.21150728248683903,2.1072867583879248e-09
0.21544346900314712,2.1054483664160787e-09
0.2194529086202894,2.1035823038819998e-09
0.2235369645909368,2.1016876579849817e-09
0.22769702553812446,2.09976349023295e-09
0.2319345059273985,2.105473337990319e-09
0.23625084654774958,2.1037547280404245e-09
0.2406475150014965,2.102012406502322e-09
0.24512600620328712,2.100245576652057e-09
0.24968784288838508,2.0984534163081236e-09
0.2543345761304165,2.096635080087095e-09
0.2590677858687515,2.0947896981986875e-09
0.26388908144570083,2.0929163760164556e-09
0.2688001021537095,2.09101419369999e-09
0.2738025177927337,2.0890822056283448e-09
0.27889802923799106,2.094859663970858e-09
0.2840883690182764,2.0931350306670836e-09
0.2893753019050401,2.0913864409597644e-09
0.29476062551242976,2.0896130913107294e-09
0.300246170908498,2.087814152656554e-09
0.3058338032377853,2.085988772611766e-09
0.3115254223554897,2.0841360743005925e-09
0.3173229634734376,2.082255155907901e-09
0.3232283978180767,2.080345090313137e-09
0.3292437333007145,2.0859602398896896e-09
0.33537101520022944,2.084252719580771e-09
0.341612326858488,2.0825217782628835e-09
0.34796979038870324,2.0807666266916673e-09
0.3544455673969762,2.078986454314293e-09
0.3610418597172652,2.07718042494514e-09
0.3677609101600335,2.0753476789822654e-09
0.37460500327482815,2.0734873322038084e-09
0.38157646612705254,2.0715984753952063e-09
0.3886776690891928,2.069680173925587e-09
0.39591102664677075,2.075366147124594e-09
0.4032789982192941,2.073652281944937e-09
0.4107840889964866,2.0719147397816836e-09
0.4184288507900787,2.0701527243066125e-09
0.4262158829014514,2.068365417676166e-09
0.4341478330054268,2.0665519763874055e-09
0.4422273980505059,2.064711533367655e-09
0.4504573251758602,2.0628431968314674e-09
0.4588404126453886,2.0609460499212172e-09
0.46737951079915735,2.066475957539281e-09
0.4760775230225463,2.064778617292022e-09
0.48493740673343133,2.0630581150809116e-09
0.49396217438773804,2.061313670722752e-09
0.5031548945037095,2.059544480483211e-09
0.5125186927052356,2.0577497190703746e-09
0.5220567527845982,2.0559285353997186e-09
0.5317723177849957,2.054080054710593e-09
0.541668691103212,2.0522033774181408e-09
0.5517492376128075,2.050297578779213e-09
0.5620173848082116,2.0559015120201118e-09
0.5724766239701088,2.054197504240124e-09
0.583130511352511,2.0524700674524836e-09
0.5939826693919225,2.050718413929123e-09
0.6050367879390066,2.048941732468437e-09
0.6162966255131767,2.0471391899953623e-09
0.6277660105805304,2.04530992760379e-09
0.6394488428555721,2.043453062626816e-09
0.6513490946271561,2.0415676874245796e-09
0.6634708121091081,2.0470215068311204e-09
0.675818116815982,2.045333465060634e-09
0.6883952069644185,2.043622490267761e-09
0.7012063589005842,2.0418878099215765e-09
0.7142559285541764,2.0401286286897277e-09
0.7275483529194839,2.0383441274174753e-09
0.7410881515640154,2.0365334652022107e-09
0.7548799281651992,2.0346957750956935e-09
0.7689283720756843,2.032830166175845e-09
0.7832382599177702,2.0309357225828723e-09
0.7978144572075101,2.0364666871209805e-09
0.8126619200090393,2.034771651000797e-09
0.8277856966196894,2.0330534036066423e-09
0.8431909292864647,2.031311164596594e-09
0.858882855954461,2.0295441305845524e-09
0.874866812047824,2.027751474688063e-09
0.8911482322838499,2.0259323474170534e-09
0.9077326525208493,2.024085873751e-09
0.9246257116403974,2.022211154405914e-09
0.9418331534646154,2.027597764237413e-09
0.9593608287091311,2.0259181623581394e-09
0.9772146969723858,2.0242158273535764e-09
0.9954008287619621,2.0224899929914435e-09
1.0139254075586215,2.020739871176637e-09
1.0327947319187545,2.018964650475324e-09
1.0520152176159578,2.0171634954470854e-09
1.0715933998224665,2.015335548244649e-09
1.0915359353311833,2.0134799254556135e-09
1.1118496048190583,2.01159571901739e-09
1.1325413151525956,2.017062609189591e-09
1.153618101736258,2.0153756840530174e-09
1.175087130904583,2.0136657363653123e-09
1.1969557023588147,2.011931991804455e-09
1.2192312516488777,2.010173653809799e-09
1.2419213527015465,2.0083899024882444e-09
1.2650337203956616,2.006579894001571e-09
1.288576213185272,2.0047427619388217e-09
1.3125568357715927,2.0028776140255025e-09
1.336983741824691,2.0082055354189237e-09
1.3618652367558217,2.006533535683459e-09
1.3872097805413557,2.0048389734578115e-09
1.413025990599264,2.003121089760069e-09
1.439322644719132,2.00137910129073e-09
1.4661086840467041,1.999612203172889e-09
1.4933932161239667,1.9978195663816365e-09
1.5211855179858136,1.996000339881562e-09
1.5494950393143354,1.9941536467588877e-09
1.5783314056518156,1.992278586184558e-09
1.607704421673516,1.9976899481057832e-09
1.6376240745213744,1.9960102899783195e-09
1.6681005371997397,1.9943077683769e-09
1.699144172034301,1.992581614646243e-09
1.7307655341953936,1.9908310397015225e-09
1.7629753752868684,1.9890552276997147e-09
1.7957846470017518,1.987253341366881e-09
1.8292045048459429,1.9854245213617306e-09
1.863246311931203,1.983567880689215e-09
1.897921642838737,1.9888454639678587e-09
1.9332422875546746,1.987180243588529e-09
1.969220255478795,1.9854926032448963e-09
2.0058677795078492,1.983781790335901e-09
2.0431973201948788,1.9820470260908176e-09
2.081221569985939,1.980287509893447e-09
2.1199534575356647,1.9785024210507115e-09
2.1594061521031525,1.9766909101801424e-09
2.1995930680296527,1.974852109510803e-09
2.240527869299589,1.9800006258116097e-09
2.2822244741864597,1.9783493945269757e-09
2.3246970599852017,1.9766761754137887e-09
2.3679600678326227,1.9749802234299366e-09
2.412028207617544,1.973260776065312e-09
2.456916462982319,1.9715170488795914e-09
2.5026400964174376,1.969748231286557e-09
2.5492146544509335,1.9679534913209752e-09
2.5966559729343723,1.966131972108304e-09
2.6449801824272114,1.9642827955956713e-09
2.6942037136813655,1.969518234528917e-09
2.7443433032278373,1.9678589867855014e-09
2.7954159990673193,1.966177432171386e-09
2.847439166466699,1.9644728304374714e-09
2.9004304938634333,1.9627443949007433e-09
2.954407998879813,1.960991343970672e-09
3.009390034449142,1.95921284902789e-09
3.0653952950559376,1.957408072052948e-09
3.1224428230922556,1.955576147236216e-09
3.180552015332308,1.9606872639684432e-09
3.2397426295275737,1.9590415568292713e-09
3.30003479112465,1.9573739622287047e-09
3.3614490001081196,1.9556837385732004e-09
3.4240061379707663,1.953970131484763e-09
3.487727474813508,1.9522323522993734e-09
3.5526346765774597,1.950469598965367e-09
3.6187498124105857,1.94868104266761e-09
3.686095362171452,1.9468658334906693e-09
3.7546942240726158,1.945023092590315e-09
3.8245697224662667,1.950224345858484e-09
3.895745615774757,1.9485702776214054e-09
3.9682461045687223,1.946893993400673e-09
4.042095839795534,1.9451947438812088e-09
4.117319931160892,1.9434717635251353e-09
4.193943955666386,1.9417242616533104e-09
4.271993966305963,1.939951415825558e-09
4.351496500924219,1.938152407186314e-09
4.432478591239551,1.9363263570489306e-09
4.51496777203524,1.9414079239527393e-09
4.598992090521563,1.9397669657977696e-09
4.684580115872156,1.9381041883793054e-09
4.771760948937836,1.9364188625587832e-09
4.86056423214121,1.9347102306673327e-09
4.951020159555408,1.932977511320707e-09
5.0431594871704,1.9312199071400632e-09
5.137013543350365,1.929436586637202e-09
5.232614239485668,1.9276267072920244e-09
5.329994080843078,1.9325926012737517e-09
5.429186177617911,1.9309643501352617e-09
5.530224256191852,1.9293146672337787e-09
5.6331426706002885,1.92764283316152e-09
5.737976414213047,1.9259481027550757e-09
5.844761131632528,1.9242297128445627e-09
5.953533130813242,1.9224868709049418e-09
6.064329395406917,1.920718751774819e-09
6.177187597337324,1.9189245319384894e-09
6.292146109609156,1.9171033701571588e-09
6.409244019355242,1.922162905242576e-09
6.528521141126614,1.9205259235366308e-09
6.650018030429865,1.91886716319261e-09
6.773775997516473,1.9171859066145254e-09
6.899837121428719,1.915481380806297e-09
7.028244264307025,1.913752857146715e-09
7.159041085963539,1.911999455337123e-09
7.292272058726943,1.910220432567017e-09
7.427982482563518,1.908414925348178e-09
7.566218500479634,1.913363095740446e-09
7.7070271142108515,1.9117384050312423e-09
7.850456200203034,1.910092329645992e-09
7.996554525890849,1.9084241580691067e-09
8.145371766279213,1.906733080484858e-09
8.296958520833352,1.9050184055051794e-09
8.451366330683134,1.903279347965341e-09
8.608647696147631,1.9015150111730635e-09
8.76885609458579,1.8997246550177892e-09
8.932045998579294,1.9045652680177895e-09
9.098272894453856,1.9029524865515718e-09
9.267593301145148,1.9013187285166945e-09
9.440064789415839,1.899663162921157e-09
9.615746001430304,1.897985239693875e-09
9.794696670693565,1.8962840116162318e-09
9.976977642361344,1.894558769562101e-09
10.162650893928049,1.892808724400102e-09
10.35177955629983,1.8910329817852244e-09
10.544427935259721,1.8892308531873407e-09
10.740661533332329,1.8941687362916025e-09
10.940547072055388,1.89254680534866e-09
11.144152514665802,1.8909035588686484e-09
11.351547089207878,1.8892383025372366e-09
11.56280131207161,1.887550021892409e-09
11.777987011969,1.885838211421022e-09
11.997177354356616,1.884102049052962e-09
12.220446866312614,1.882340616964841e-09
12.44787146187675,1.880553106807574e-09
12.679528467861994,1.8853873091750636e-09
12.915496650146444,1.8837770940146412e-09
13.155856240454604,1.882145686634144e-09
13.400688963637018,1.8804926671974253e-09
13.650078065457611,1.878817046972081e-09
13.90410834089813,1.8771182850394577e-09
14.162866162989367,1.8753953693986933e-09
14.426439512178913,1.873647841874777e-09
14.694918006245452,1.8718743868765685e-09
14.968392930769792,1.8766088534804715e-09
15.246957270172924,1.8750097786534773e-09
15.530705739331735,1.8733897250679233e-09
15.81973481578309,1.871748464062672e-09
16.114142772527227,1.870085447748634e-09
16.414029711441643,1.868399197556547e-09
16.719497597316813,1.8666893856343366e-09
17.030650292525312,1.864954855490788e-09
17.347593592336125,1.863195423852201e-09
17.67043526088621,1.8614101946712348e-09
17.99928506782146,1.8662452922649787e-09
18.33425482561953,1.8646365491576795e-09
18.67545842760733,1.863006990506154e-09
19.023011886685957,1.8613555563553175e-09
19.37703337477633,1.8596816377007779e-09
19.73764326299894,1.8579841765162724e-09
20.104964162601302,1.8562627426193216e-09
20.479120966647102,1.8545165370424364e-09
20.86024089248122,1.8527452375884483e-09
21.248453524984942,1.8574837479923144e-09
21.64389086063625,1.8558860421548458e-09
22.046687352390062,1.8542677097033902e-09
22.45697995539364,1.852627823340317e-09
22.874908173552853,1.8509654147475739e-09
23.300614106964993,1.8492805067916942e-09
23.73424250023434,1.8475714872077039e-09
24.175940791686894,1.845838794531086e-09
24.625859163500987,1.844079973511812e-09
25.084150592770836,1.8487261386490907e-09
25.550970903520422,1.8471391125026648e-09
26.02647881968532,1.8455306713345139e-09
26.51083601908056,1.8439026853535381e-09
27.004207188372824,1.8422516860720915e-09
27.50676007907567,1.8405788117013088e-09
28.01866556458687,1.8388821073691732e-09
28.540097698287212,1.8371617996280372e-09
29.071233772720507,1.8354162973939023e-09
29.612254379874983,1.8336445227234983e-09
30.163343472586497,1.8383942953142851e-09
30.724688427084473,1.8367979426809524e-09
31.296480106701857,1.8351792279490664e-09
31.87891292677069,1.8335407921347404e-09
32.472184920725425,1.831879255901741e-09
33.07649780743643,1.8301938521160767e-09
33.69205705979659,1.8284850497771725e-09
34.319071974584254,1.8267520014739305e-09
34.95775574362644,1.824994828719887e-09
35.60832552628637,1.829653679075435e-09
36.271002523299934,1.828068300126208e-09
36.94601205198637,1.8264613863691318e-09
37.63358362285857,1.8248322526883733e-09
38.33395101765912,1.823180081138035e-09
39.04735236884859,1.8215065191214852e-09
39.77403024057321,1.819811079329029e-09
40.514231711139196,1.8180911772071243e-09
41.26820845702213,1.8163433306912251e-09
42.03621683843959,1.8209182771155297e-09
42.81851798651645,1.8193428291949924e-09
43.61537789207224,1.8177459455424695e-09
44.42706749606088,1.8161276477916913e-09
45.253862781693584,1.8144878330444902e-09
46.09604486827608,1.8128242196231158e-09
46.953900106792204,1.811140198070414e-09
47.8277201772663,1.8094312237872852e-09
48.717802187937615,1.8076946530607724e-09
49.6244487762803,1.8121891770966432e-09
50.54796821190338,1.8106210598200788e-09
51.48867450136576,1.8090340394222027e-09
52.44688749494184,1.8074246778252726e-09
53.42293299537402,1.805796815111309e-09
54.417142868649215,1.8041452475892249e-09
55.42985515683682,1.8024709957779128e-09
56.461414193026656,1.800772056170173e-09
57.512170718405905,1.7990519768557205e-09
58.58248200151497,1.7973045342544233e-09
59.67271195972254,1.8019030356016686e-09
60.783231282961516,1.80031892659647e-09
61.914417559767465,1.7987289278738998e-09
63.06665540566288,1.7971089168717764e-09
64.24033659393054,1.7954682338554233e-09
65.43586018882075,1.7938054407073891e-09
66.65363268123734,1.7921188528723405e-09
67.89406812694908,1.7904052989107334e-09
69.15758828737302,1.7886653290812044e-09
70.44462277297795,1.793190491121047e-09
71.75560918935659,1.7916191948674944e-09
73.09099328601621,1.7900354381270148e-09
74.45122910793826,1.7884251318411405e-09
75.83677914995853,1.7867885557054085e-09
77.24811451402041,1.785141858022348e-09
78.68571506935464,1.7834670684133975e-09
80.15006961563995,1.7817555116263154e-09
81.6416760492003,1.7800434528952511e-09
83.16104153229499,1.7844835905510356e-09
84.70868266555915,1.7829116378747545e-09
86.28512566365377,1.781347150082136e-09
87.89090653418414,1.779744284634647e-09
89.52657125994826,1.7781270082156288e-09
91.19267598457698,1.7764843066533369e-09
92.88978720162874,1.774816126311032e-09
94.61848194720342,1.773120702177733e-09
96.37934799614101,1.7714054611766948e-09
98.17298406187119,1.7757851272406373e-09
99.9999999999825,1.7742350517914128e-09
