#        weight    minuslogpost         logphi0          loggst           logV0           logQ0            Tcal            Ecal    theta_MC_100           ombh2           omch2             tau        A_planck           A_act           P_act            phi0             gst              V0              Q0              H0          omegam        omegamh2        omega_de             YHe             Y_p           DHBBN            zrei          sigma8            s8h5      s8omegamp5     s8omegamp25             age           rdrag       chi2__BAO       chi2__CMB   minuslogprior minuslogprior__0            chi2 chi2__bao.desi_dr2 chi2__planck_2018_lowl.TT chi2__planck_2018_lowl.EE_sroll2 chi2__act_dr6_cmbonly.PlanckActCut chi2__act_dr6_cmbonly chi2__act_dr6_lenslike.ACTDR6LensLike chi2__candl_like
              3       1333.1488       1.0134459       1.2913365      -12.891357       0.3504943       1.0086806       1.0133034       1.0411688     0.022121896      0.11966096     0.046098524       1.0078431       1.0818186       0.9660387       10.314447       19.558544   1.2842302e-13       2.2412706       67.337111      0.31411276      0.14242773      0.68580756      0.24574853       0.2470798       2.4934184       6.8693751      0.81855073      0.99751253      0.45876301      0.61279752       13.814886       147.46776       25.785022       701.66397      -3.5706245       -3.5706245       2673.4388          25.785022                 22.271741                        393.65895                          285.73329             1747.1527                             35.910691        162.92642
              4       1152.1331       1.0865069       1.3190044      -12.875457       0.2481184       1.0086806       1.0133034       1.0411688     0.022121896      0.11966096     0.046098524       1.0106398       1.0752593      0.99684414       12.204132       20.845121   1.3321186e-13       1.7705916       67.337111      0.31411276      0.14242773      0.68580756      0.24574853       0.2470798       2.4934184       6.8693751      0.82409222       1.0042656      0.46186878      0.61694608       13.814886       147.46776       25.785022       779.09876      0.78826111       0.78826111       2302.6898          25.785022                 22.665054                        393.52829                          362.90542             1259.4009                             56.802547        181.60255
             17        874.3704       1.0865069       1.3190044      -12.875457       0.2481184       1.0086806       1.0133034       1.0412205     0.022114891      0.11953931     0.045555118       1.0138438       1.0571693       1.0140131       12.204132       20.845121   1.3321186e-13       1.7705916       67.391383      0.31332375      0.14229907       0.6865967      0.24574546      0.24707671       2.4947112       6.8102929      0.82376047        1.003457      0.46110264      0.61631009       13.813535       147.50795       24.265586       726.06113       7.0637307        7.0637307       1734.6133          24.265586                 22.330037                         394.0464                           309.6847             742.07841                             57.491996        184.71622
             11       736.66142       1.0865069       1.3190044      -12.875457       0.2481184       1.0100205       1.0258238       1.0411755     0.022117952      0.11954017     0.046062485       1.0171333       1.0519763      0.98797505       12.204132       20.845121   1.3321186e-13       1.7705916       67.378555      0.31345171      0.14230299      0.68646872       0.2457468      0.24707806       2.4941461       6.8646136      0.82370702       1.0034874      0.46116685        0.616333       13.814577       147.50425       24.604298        669.4702       15.215788        15.215788       1442.8913          24.604298                 21.891174                        393.76122                          253.81781             514.42162                             56.288095        178.10706
              2       717.81198       1.0838949       1.2863773      -12.882177      0.25276625       1.0100205       1.0258238       1.0411755     0.022117952      0.11954017     0.046062485        1.018494       1.0500374      0.99853122       12.130953       19.336475   1.3116652e-13       1.7896424       67.378555      0.31345171      0.14230299      0.68646872       0.2457468      0.24707806       2.4941461       6.8646136      0.82411863       1.0039888       0.4613973      0.61664099       13.814577       147.50425       24.604298       661.80203       19.071728        19.071728       1397.4805          24.604298                 21.834403                        393.79913                          246.16849             473.64052                             58.476455        178.95721
              1       630.15002       1.0838949       1.2863773      -12.882177      0.25276625        1.014906       1.0134895       1.0411722     0.022114325       0.1195516     0.045846408       1.0199733       1.0417159      0.99273361       12.130953       19.336475   1.3116652e-13       1.7896424       67.370468      0.31354414      0.14231079      0.68637626      0.24574521      0.24707647       2.4948156       6.8420436      0.82416993       1.0041116      0.46149405      0.61672483       13.815089       147.50528       24.748091       652.53065       23.624139        23.624139       1213.0518          24.748091                  21.69119                        393.99487                          236.84458             311.78226                             59.190117        164.80064
              6       628.28127       1.0838949       1.2863773      -12.882177      0.25276625        1.014906       1.0134895       1.0411665     0.022124746      0.11940585     0.045431068       1.0205025       1.0417159      0.99273361       12.130953       19.336475   1.3116652e-13       1.7896424       67.428409      0.31270787      0.14217546      0.68721267      0.24574978      0.24708105       2.4928926       6.7928957      0.82362572       1.0030173      0.46057389      0.61590624       13.813593       147.53232       23.427521       652.89483       25.337645        25.337645       1205.8873          23.427521                 21.689483                        394.36544                          236.83991             304.14922                             59.668437        165.74725
              4       623.74518       1.2255394       1.0992742      -12.867286     -0.10109712        1.014906       1.0134895       1.0411665     0.022124746      0.11940585     0.045431068          1.0203       1.0417159      0.99273361       16.808904       12.568232   1.3574193e-13      0.79232412       67.428409      0.31270787      0.14217546      0.68721267      0.24574978      0.24708105       2.4928926       6.7928957      0.82447709       1.0040542      0.46104997       0.6165429       13.813593       147.53232       23.427521       656.53981       25.588135        25.588135       1196.3141          23.427521                 21.272179                        394.64954                          240.61808             287.32282                             60.881949        168.14198
              8        615.8042       1.2255394       1.0992742      -12.867286     -0.10109712        1.014906       1.0134895        1.041049     0.022242699      0.11912752     0.045652726       1.0197006       1.0415933      0.99146156       16.808904       12.568232   1.3574193e-13      0.79232412        67.58433      0.31091556      0.14201509      0.68900534      0.24580104       0.2471325        2.471277        6.789295      0.82290958       1.0009886      0.45885276      0.61448705       13.804021       147.47428       21.493521       656.08926       23.670125        23.670125       1184.2682          21.493521                 21.355758                        394.52169                          240.21181             280.31985                             59.110843        167.25468
              5       544.07576       1.2004273      0.98971116      -12.903339    -0.076026611       1.0219634       1.0063974        1.041049     0.022242699      0.11912752     0.045652726       1.0167946       1.0235284       1.0035476       15.864534        9.765875   1.2492821e-13      0.83940855        67.58433      0.31091556      0.14201509      0.68900534      0.24580104       0.2471325        2.471277        6.789295      0.82101195      0.99868028      0.45779465      0.61307004       13.804021       147.47428       21.493521       660.92344       15.143808        15.143808       1057.8639          21.493521                  21.43525                        394.39897                          245.08922             163.50301                             50.426863        161.51707
              6       545.06631       1.2004273      0.98971116      -12.903339    -0.076026611       1.0219634       1.0063974       1.0410555     0.022296072      0.11956742     0.045234012       1.0168486       1.0235284       1.0035476       15.864534        9.765875   1.2492821e-13      0.83940855       67.475482      0.31300288      0.14250835      0.68691777      0.24582392      0.24715547       2.4615864       6.7393996      0.82228484        1.001035       0.4600409       0.6150485       13.800305       147.29791       25.156336       658.67513       15.289196        15.289196       1059.5542          25.156336                 21.432386                        394.78603                          242.45671             160.65332                             53.318535         161.7509
             10        546.1035       1.2004273      0.98971116      -12.903339    -0.076026611       1.0219634       1.0063974       1.0410853     0.022312924      0.11954696     0.045573947       1.0191805       1.0255774      0.99971971       15.864534        9.765875   1.2492821e-13      0.83940855        67.50655      0.31270694      0.14250475      0.68721378      0.24583112      0.24716269       2.4585385       6.7726276      0.82217188       1.0006672      0.45976021       0.6148186       13.797626       147.28454       24.674728       644.38995       22.010644        22.010644       1048.1857          24.674728                 21.190442                        394.62311                          228.57639             164.77266                              52.12569        162.22269
              2       546.22882       1.2004273      0.98971116      -12.903339    -0.076026611       1.0172916       1.0074403       1.0410622     0.022312221      0.11937664     0.045162409       1.0190505       1.0257042       1.0030476       15.864534        9.765875   1.2492821e-13      0.83940855       67.558167      0.31185456      0.14233373      0.68806628      0.24583082      0.24716239       2.4586655       6.7259001      0.82157496      0.99955861      0.45879983      0.61395313       13.797671       147.33045       23.306382       646.56771       21.612774        21.612774       1049.2321          23.306382                 21.248902                        394.89485                          230.42395             164.42141                             52.548001         162.3886
              4       541.45082       1.2004273      0.98971116      -12.903339    -0.076026611       1.0182559       1.0075329        1.041024     0.022389385      0.11919774     0.048191962       1.0185706       1.0255861       1.0025005       15.864534        9.765875   1.2492821e-13      0.83940855       67.672111      0.31058312      0.14223199        0.689338      0.24586376      0.24719545       2.4447807       7.0320897      0.82059713      0.99752808      0.45731865      0.61259642        13.79027       147.29184       21.795063       639.85885        20.16854         20.16854       1042.5646          21.795063                 21.089294                        392.78628                          225.98328             174.37733                             44.457672        162.07565
              6       535.86773       1.2004273      0.98971116      -12.903339    -0.076026611       1.0182559       1.0075329       1.0409334     0.022733171       0.1182353     0.049083806       1.0137482       1.0255861       1.0025005       15.864534        9.765875   1.2492821e-13      0.83940855       68.267523      0.30386163      0.14161334      0.69606085       0.2460106      0.24734283       2.3843242       7.0419432      0.81571057      0.98725426       0.4496494      0.60562676       13.754169       147.16515       14.927377       655.28266        7.700212         7.700212        1056.335          14.927377                 21.646318                        392.34474                           241.2916             177.41378                             39.108662        169.60255
             11       525.28764       1.2004273      0.98971116      -12.903339    -0.076026611       1.0182559       1.0075329       1.0407913     0.022702358      0.11712363     0.050658632       1.0165669       1.0206145      0.99488557       15.864534        9.765875   1.2492821e-13      0.83940855       68.592369      0.29856207      0.14047085      0.70136115      0.24599757      0.24732975       2.3896525       7.1943956      0.81179849      0.98019016      0.44357346      0.60007688       13.756545       147.49553       11.227425       637.12538        14.53618         14.53618       1021.5029          11.227425                 21.333169                        391.68433                          224.10788             169.12195                             34.053456        169.97472
             13       523.25976       1.2004273      0.98971116      -12.903339    -0.076026611       1.0182559       1.0075329       1.0407889     0.022707446      0.11712382     0.050714272       1.0171137       1.0165911       1.0044813       15.864534        9.765875   1.2492821e-13      0.83940855       68.595716      0.29854415      0.14047614      0.70137908      0.24599973      0.24733191       2.3887714       7.1990597      0.81177468      0.98013749      0.44354714      0.60005028       13.756104       147.48981       11.229439       636.18213       16.009541        16.009541       1014.5004          11.229439                 21.276959                        391.68362                          223.22155             162.89883                              33.97309        170.21693
             13       523.63081       1.2004273      0.98971116      -12.903339    -0.076026611       1.0182559       1.0075329       1.0411119     0.022453219      0.11743272     0.051323867       1.0173985       1.0212582       1.0030532       15.864534        9.765875   1.2492821e-13      0.83940855       68.382944      0.30052179      0.14053081      0.69940095      0.24589107      0.24722286       2.4333846       7.3199865      0.81427354      0.98468296      0.44638368      0.60289171       13.773464        147.6909       11.508869       635.39119        16.79593         16.79593       1013.6698          11.508869                 21.137651                        391.32016                          222.93338             168.32829                             33.047374        165.39404
              3       520.30727       1.2004273      0.98971116      -12.903339    -0.076026611       1.0182559       1.0075329       1.0408799     0.022558161      0.11664977     0.051579636       1.0151649       1.0212582       1.0030532       15.864534        9.765875   1.2492821e-13      0.83940855       68.674202      0.29654044       0.1398528      0.70338295      0.24593607      0.24726802       2.4148226       7.3118276       0.8108223      0.97842801      0.44153756      0.59833812       13.766225       147.78362       10.439805       640.98331       10.977017        10.977017       1018.6605          10.439805                 21.421805                        391.25857                          228.30294             168.30255                             31.666538         167.2683
             11       520.05156       1.2004273      0.98971116      -12.903339    -0.076026611       1.0182559       1.0075329       1.0409397     0.022558854      0.11669461     0.051789371       1.0140458       1.0167261      0.99751987       15.864534        9.765875   1.2492821e-13      0.83940855       68.678656      0.29659851      0.13989833       0.7033249      0.24593637      0.24726832       2.4147007        7.333938      0.81103194      0.97864924      0.44169496      0.59852211       13.764581       147.77069       10.432531       646.15958       8.3620079        8.3620079       1023.3791          10.432531                 21.516512                        391.13555                          233.50752             167.81783                             31.342162          167.627
              1       517.09818       1.2004273      0.98971116      -12.903339    -0.076026611       1.0182559       1.0075329       1.0409154      0.02252257      0.11637461     0.052454244       1.0160595       1.0167433       1.0023934       15.864534        9.765875   1.2492821e-13      0.83940855        68.75665      0.29517235      0.13954205      0.70475123      0.24592081      0.24725271       2.4210944       7.4045046      0.81002424      0.97687874      0.44008427      0.59705856       13.767457       147.89751       10.341255       635.86579       13.211742        13.211742       1007.7729          10.341255                  21.28711                        390.97711                          223.60157             163.76051                             30.073059        167.73225
              3       516.45893       1.2004273      0.98971116      -12.903339    -0.076026611       1.0182559       1.0075329       1.0409869     0.022418583      0.11664279     0.052581396       1.0138607       1.0167433       1.0023934       15.864534        9.765875   1.2492821e-13      0.83940855       68.597582       0.2968918      0.13970624      0.70303143      0.24587624      0.24720798       2.4395579       7.4439969      0.81151004      0.97980465      0.44217379      0.59902293       13.777042       147.94208       10.377583       645.56934       7.9485999        7.9485999       1017.0207          10.377583                  21.44873                        390.87142                          233.24919             164.71286                             30.206737        166.15414
             14       514.71963       1.2004273      0.98971116      -12.903339    -0.076026611       1.0182559       1.0075329       1.0408947     0.022399961      0.11668597     0.053333061       1.0138643       1.0167433       1.0023934       15.864534        9.765875   1.2492821e-13      0.83940855       68.535577      0.29748153       0.1397308      0.70244156      0.24586828      0.24719998       2.4428871       7.5251124      0.81166332      0.98043292      0.44269633      0.59943338       13.781869       147.95118       10.482193       640.70328       7.9567333        7.9567333       1013.5258          10.482193                 21.374461                        390.67079                          228.65803             165.42127                             29.605079        167.31396
              7        513.9581       1.2004273      0.98971116      -12.903339    -0.076026611       1.0182559       1.0075329       1.0408755     0.022385942      0.11716133     0.053068394       1.0134719       1.0167433       1.0023934       15.864534        9.765875   1.2492821e-13      0.83940855       68.345715      0.30012424      0.14019213      0.69979842      0.24586229      0.24719397       2.4453977        7.508608      0.81339617      0.98388985      0.44560767      0.60204283       13.786057       147.83909       11.364631       640.56668       7.0986104        7.0986104        1013.719          11.364631                 21.380984                          390.732                           228.4537             163.97402                             30.761958        167.05168
              1       511.17246       1.2108338      0.85163297      -12.919353     -0.13968986       1.0182559       1.0075329       1.0408755     0.022385942      0.11716133     0.053068394       1.0121112       1.0138455       1.0039688       16.249269       7.1061271   1.2040579e-13      0.72495347       68.345715      0.30012424      0.14019213      0.69979842      0.24586229      0.24719397       2.4453977        7.508608      0.81105024      0.98105219      0.44432248      0.60030647       13.786057       147.83909       11.364631       635.05153       4.6271938        4.6271938       1013.0905          11.364631                 21.160343                         390.7537                          223.13749             164.62199                             26.611874        175.44051
              4       510.13125       1.2108338      0.85163297      -12.919353     -0.13968986       1.0182559       1.0075329       1.0409523      0.02246039      0.11737798     0.052778193       1.0100495       1.0139064       1.0024347       16.249269       7.1061271   1.2040579e-13      0.72495347         68.3549       0.3006666      0.14048323      0.69925608      0.24589415      0.24722595       2.4321096       7.4664177      0.81155631      0.98159838      0.44500127      0.60095223       13.777257       147.69755       11.721099       641.08931       0.9722108        0.9722108       1018.3181          11.721099                 21.377457                        390.79592                          228.91593             161.80831                             26.955485        176.74388
              7       510.82305       1.2108338      0.85163297      -12.919353     -0.13968986       1.0182559       1.0075329       1.0409289      0.02260411       0.1175445     0.052603741       1.0104491       1.0140794       1.0009639       16.249269       7.1061271   1.2040579e-13      0.72495347       68.405968      0.30088084      0.14079347      0.69904195      0.24595574      0.24728776       2.4067604       7.4204044      0.81149309      0.98115546      0.44512511      0.60101243       13.764239       147.49254       12.162211       637.91524       1.6274872        1.6274872       1018.3911          12.162211                 21.362912                        390.86719                          225.68513             160.10699                             27.325456        180.88123
              2       511.45085       1.2108338      0.85163297      -12.919353     -0.13968986       1.0182559       1.0075329       1.0409843     0.022587529      0.11726135     0.052452961       1.0098655       1.0140794       1.0009639       16.249269       7.1061271   1.2040579e-13      0.72495347       68.512683      0.29930574      0.14049375      0.70061729      0.24594865      0.24728065       2.4096652       7.4043394      0.81061695      0.97933256      0.44347915      0.59957628       13.762974       147.58668       11.240626       643.27056      0.67898899       0.67898899       1021.5437          11.240626                 21.462428                        390.87807                          230.93006             160.90027                             27.059984        179.07228
              4       504.45007       1.2108338      0.85163297      -12.919353     -0.13968986       1.0075382       1.0069396       1.0409386     0.022564192      0.11723654     0.052660765       1.0119244       1.0134734       1.0019714       16.249269       7.1061271   1.2040579e-13      0.72495347       68.486928      0.29942825       0.1404456      0.70049473      0.24593865      0.24727062       2.4137621       7.4299925      0.81059072        0.979485      0.44355555      0.59961822       13.766573       147.61938       11.289171       634.73069       4.2680524        4.2680524        1000.364          11.289171                 21.238903                         390.9009                          222.59089             160.80615                             26.935245        166.60277
             23       503.43315       1.2108338      0.85163297      -12.919353     -0.13968986       1.0075382       1.0069396       1.0411068     0.022483285      0.11753929       0.0541129       1.0116527       1.0134734       1.0019714       16.249269       7.1061271   1.2040579e-13      0.72495347       68.367785      0.30094737      0.14066744      0.69897534      0.24590396       0.2472358       2.4280449       7.5999515      0.81216095      0.98223713       0.4455407      0.60154032        13.77107       147.62874       11.798611       635.21566       3.7555808        3.7555808       999.35513          11.798611                 21.116075                        390.52864                          223.57094             162.43507                             25.915803        163.98999
              3       502.25545       1.2108338      0.85163297      -12.919353     -0.13968986       1.0075382       1.0069396       1.0411117     0.022485521      0.11755412     0.054112123       1.0093295       1.0147796       1.0030972       16.249269       7.1061271   1.2040579e-13      0.72495347       68.365932       0.3010002      0.14068451       0.6989225      0.24590492      0.24723676       2.4276486       7.5996281      0.81220764      0.98230691      0.44560542       0.6016013       13.770768       147.62228       11.829264       637.12822       -0.144092        -0.144092       1004.7991          11.829264                 21.336222                        390.49731                          225.29469              165.9157                              25.92282        164.00308
             13       502.16766       1.2108338      0.85163297      -12.919353     -0.13968986       1.0075382       1.0069396       1.0412026      0.02251005      0.11778033     0.053826838       1.0093616        1.014662       1.0023191       16.249269       7.1061271   1.2040579e-13      0.72495347       68.335643      0.30180405      0.14093525      0.69811858      0.24591544      0.24724732       2.4233063       7.5691258      0.81297609      0.98345418       0.4466222      0.60257213       13.766603       147.53443       12.295976       637.26788    -0.096158811     -0.096158811       1004.5276          12.295976                 21.341496                        390.52639                              225.4             164.40847                             26.198775        164.35654
             16       500.92811       1.2108338      0.85163297      -12.919353     -0.13968986       1.0070539       1.0074396       1.0413123     0.022473588      0.11742799     0.055777578       1.0086501       1.0074708       1.0088573       16.249269       7.1061271   1.2040579e-13      0.72495347       68.468877      0.29980127      0.14054645      0.70012167       0.2458998      0.24723163       2.4297653       7.7684082      0.81199469      0.98131082      0.44460047      0.60084376       13.765415       147.66938       11.075609       635.97765      -1.1212989       -1.1212989       1004.0988          11.075609                 21.291223                        390.26578                          224.42065             168.52383                             24.754104        163.76762
              1       498.91007       1.2108338      0.85163297      -12.919353     -0.13968986       1.0088626       1.0051354       1.0413006     0.022473593      0.11743049     0.055704738       1.0082091        1.009193       1.0005496       16.249269       7.1061271   1.2040579e-13      0.72495347       68.464063      0.29984877      0.14054895      0.70007415      0.24589981      0.24723163       2.4297644       7.7611211      0.81199311      0.98134341      0.44463483      0.60086639       13.765773        147.6687       11.102295         636.913      -1.7160528       -1.7160528       1001.2522          11.102295                 21.339466                        390.26387                          225.30967              164.0367                             24.794339         164.4059
             16       496.53815       1.2108338      0.85163297      -12.919353     -0.13968986       1.0088626       1.0051354       1.0412404     0.022484822      0.11762236     0.058109007       1.0064431        1.009193       1.0005496       16.249269       7.1061271   1.2040579e-13      0.72495347       68.384154      0.30098425      0.14075205       0.6989385      0.24590462      0.24723646       2.4277726       8.0011225      0.81256338      0.98260621      0.44578878      0.60185682       13.767305       147.60482       11.715501        635.1288      -3.7861917       -3.7861917       1000.6487          11.715501                 21.305122                        390.23688                          223.58679             163.00723                             24.174954        166.62219
              2       504.43897       1.2108338      0.85163297      -12.919353     -0.13968986       1.0088626       1.0051354       1.0413519     0.022355393      0.11815259     0.060018243       1.0034001      0.99974883       1.0065363       16.249269       7.1061271   1.2040579e-13      0.72495347         68.1249      0.30414305      0.14115285      0.69577911      0.24584925      0.24718089       2.4508825       8.2290893      0.81507843      0.98752127      0.44950895      0.60529749       13.779375       147.60787       13.495672       638.58155      -6.1823878       -6.1823878       1021.2427          13.495672                 21.381988                        390.48571                          226.71385             176.46465                             23.810443        168.89041
              9       504.89378       1.2192662      0.87154684      -12.911579     -0.15567003       1.0088626       1.0051354       1.0413519     0.022355393      0.11815259     0.060018243       1.0020253      0.99897008       1.0076107       16.567853       7.4395529   1.2258049e-13      0.69876311         68.1249      0.30414305      0.14115285      0.69577911      0.24584925      0.24718089       2.4508825       8.2290893      0.81292029      0.98490655      0.44831876       0.6036948       13.779375       147.60787       13.495672       637.96512      -6.7507298       -6.7507298        1023.289          13.495672                  21.23382                        390.49977                          226.23154             170.67943                             24.412727        176.73607
             20       500.67865       1.2192662      0.87154684      -12.911579     -0.15567003       1.0088626       1.0051354       1.0409381     0.022503772      0.11832901     0.059266502       1.0020954       1.0017979       1.0067606       16.567853       7.4395529   1.2258049e-13      0.69876311       68.045651      0.30555338      0.14147765      0.69436859      0.24591275      0.24724462       2.4244166       8.1223764      0.81251247      0.98498552      0.44913157      0.60409022       13.777555       147.39524       15.866918       635.18034       -6.727625        -6.727625       1014.8126          15.866918                 21.279002                         390.3697                          223.53163             162.23617                              24.11055        177.41858
              9        498.2382       1.2192662      0.87154684      -12.911579     -0.15567003       1.0088626       1.0051354       1.0412242     0.022407353      0.11785745     0.058902624       1.0021437       1.0030786       1.0043045       16.567853       7.4395529   1.2258049e-13      0.69876311       68.230441       0.3026805      0.14090967       0.6972419      0.24587144      0.24720316       2.4415646       8.1014995      0.81155427      0.98249076        0.446488      0.60195451        13.77664       147.62858       12.638467       636.78642      -6.7112285       -6.7112285       1009.8988          12.638467                 21.343759                        390.30643                          225.13623             162.88568                             24.293463        173.29482
              1       498.87394       1.2192662      0.87154684      -12.911579     -0.15567003       1.0088626       1.0051354       1.0411458     0.022426213       0.1179369     0.059502062        1.001222       1.0030786       1.0043045       16.567853       7.4395529   1.2258049e-13      0.69876311       68.191252      0.30323992      0.14100798      0.69668239      0.24587951      0.24721125       2.4381961       8.1574019      0.81167755      0.98292233       0.4469683      0.60232394       13.777435       147.58627        13.18628       636.75784      -6.9594221       -6.9594221       1011.6667           13.18628                 21.381466                        390.38102                          224.99536             161.74727                             24.400167        175.57516
              7       497.91691       1.2192662      0.87154684      -12.911579     -0.15567003       1.0088626       1.0051354       1.0409456     0.022385838      0.11728348     0.057607174       1.0040428       1.0030786       1.0043045       16.567853       7.4395529   1.2258049e-13      0.69876311       68.325177      0.30056614      0.14031419      0.69935647      0.24586224      0.24719393       2.4454164       7.9678264      0.80939097      0.97919226       0.4437398      0.59929874       13.784533       147.80642       11.534691       636.09769      -5.7713115       -5.7713115       1007.3764          11.534691                 21.299625                        390.20084                          224.59722              166.8966                             24.293656         168.5538
              4       497.67832       1.2192662      0.87154684      -12.911579     -0.15567003       1.0088626       1.0051354       1.0408814     0.022366896      0.11742017     0.057799378       1.0040786       1.0030786       1.0043045       16.567853       7.4395529   1.2258049e-13      0.69876311       68.238827      0.30158017      0.14043194      0.69834225      0.24585416      0.24718581        2.448815       7.9934735      0.80989533      0.98042216      0.44476467      0.60017733       13.788981       147.79098       12.131357       635.19181      -5.7481071       -5.7481071       1006.8529          12.131357                 21.260441                        390.20488                          223.72649             166.49393                             24.212053        168.82372
              3       497.92235       1.2192662      0.87154684      -12.911579     -0.15567003       1.0088626       1.0051354       1.0409001     0.022350918      0.11760832     0.057416537       1.0041751       1.0030786       1.0043045       16.567853       7.4395529   1.2258049e-13      0.69876311       68.164362      0.30260998       0.1406041      0.69731226      0.24584734      0.24717897       2.4516875       7.9622507      0.81063946      0.98185884      0.44593275      0.60124095       13.790885       147.75846       12.776573       635.61536       -5.684386        -5.684386       1007.2135          12.776573                 21.258922                        390.20061                          224.15582             166.80258                             24.055911        167.96306
             10       499.15779       1.2188564      0.87047132      -12.912096     -0.15466443       1.0095553       1.0004978       1.0409001     0.022350918      0.11760832     0.057416537       1.0037144        1.003623       1.0017552       16.552228       7.4211519   1.2243467e-13      0.70038296       68.164362      0.30260998       0.1406041      0.69731226      0.24584734      0.24717897       2.4516875       7.9622507      0.81077478      0.98202274      0.44600719      0.60134132       13.790885       147.75846       12.776573       637.37099      -5.9768592       -5.9768592       1010.2693          12.776573                 21.321706                        390.20787                          225.84141             167.10178                             24.037581        168.98238
              1       499.58221        1.219544      0.86487385      -12.913394     -0.15506485       1.0095553       1.0004978       1.0409001     0.022350918      0.11760832     0.057416537       1.0057631        1.005347       1.0088365       16.578454        7.326117   1.2206918e-13       0.6997375       68.164362      0.30260998       0.1406041      0.69731226      0.24584734      0.24717897       2.4516875       7.9622507      0.81118288      0.98251704      0.44623168        0.601644       13.790885       147.75846       12.776573       634.56023      -4.4131111       -4.4131111       1007.9907          12.776573                 21.170519                        390.21429                          223.17542             168.47249                             24.010555        168.17081
             21       499.69004        1.219544      0.86487385      -12.913394     -0.15506485       1.0095553       1.0004978       1.0408541     0.022332872      0.11765019     0.057311483       1.0052659        1.005347       1.0088365       16.578454        7.326117   1.2206918e-13       0.6997375       68.119039      0.30306415      0.14062793      0.69685799      0.24583964      0.24717124       2.4549379       7.9565396      0.81136602      0.98306574      0.44666724       0.6020055       13.794267       147.76749       13.121575       635.13097      -4.8518539       -4.8518539       1009.0838          13.121575                 21.216442                        390.21101                          223.70351             168.89956                             24.001611        167.93007
              1       500.34083        1.219544      0.86487385      -12.913394     -0.15506485       1.0095553       1.0004978       1.0407805     0.022460661      0.11718343     0.058632195        1.005625        1.005347       1.0088365       16.578454        7.326117   1.2206918e-13       0.6997375       68.367402        0.300141      0.14028895      0.69978171      0.24589426      0.24722606       2.4320612        8.050035      0.80910603      0.97854522      0.44326976      0.59887581       13.781472        147.7494       11.573086       633.57011      -4.5389599       -4.5389599       1009.7596          11.573086                 21.151319                        390.27924                          222.13955              168.9285                             24.413613        171.27428
             12       500.46811        1.219544      0.86487385      -12.913394     -0.15506485       1.0095553       1.0004978       1.0406815     0.022449587      0.11722176     0.058842669       1.0040179       1.0021667       1.0085436       16.578454        7.326117   1.2206918e-13       0.6997375       68.311182      0.30069364      0.14031621      0.69922894      0.24588952       0.2472213       2.4340309       8.0738102      0.80920078      0.97906244      0.44372962      0.59922145       13.785721       147.75152       11.939581       633.65862      -5.7787271       -5.7787271       1012.4937          11.939581                 21.279636                        390.28369                           222.0953             170.86391                             24.395443        171.63612
             13       497.81056        1.219544      0.86487385      -12.913394     -0.15506485       1.0095553       1.0004978       1.0407446      0.02249106      0.11730993     0.058902644        1.003371       1.0028432       1.0038717       16.578454        7.326117   1.2206918e-13       0.6997375        68.33484      0.30076312      0.14044586      0.69915952       0.2459073      0.24723915        2.426667       8.0717252      0.80938357      0.97911407      0.44388112      0.59939143       13.780062       147.68147       12.012804       634.44961      -6.1611088       -6.1611088       1007.9433          12.012804                 21.341187                        390.28472                          222.82371             164.69844                             24.409957        172.37253
             11       499.70372        1.219544      0.86487385      -12.913394     -0.15506485       1.0095553       1.0004978        1.040688     0.022411814      0.11733775     0.058409292       1.0047774       1.0031293       1.0002876       16.578454        7.326117   1.2206918e-13       0.6997375       68.240484      0.30148498      0.14039443      0.69843744      0.24587334      0.24720507       2.4407673       8.0417757      0.80977913       0.9802696      0.44463068      0.60004387       13.789863       147.76274       12.347564       633.36236       -5.244297        -5.244297        1009.896          12.347564                 21.219966                        390.25628                          221.88611             169.58724                             24.221896        170.37698
              1       499.93627        1.219544      0.86487385      -12.913394     -0.15506485       1.0094914      0.99783985       1.0407409      0.02241134      0.11730483     0.058196471       1.0067095       1.0055378       1.0026168       16.578454        7.326117   1.2206918e-13       0.6997375       68.269706      0.30115528      0.14036103       0.6987672      0.24587314      0.24720487       2.4408521       8.0203683      0.80971328      0.97998008      0.44435135      0.59983097        13.78818       147.77209       12.086555        635.1334      -3.4688427       -3.4688427       1006.8102          12.086555                   21.0599                        390.28166                          223.79184               163.936                             24.218043        171.43623
             10       499.65799        1.219544      0.86487385      -12.913394     -0.15506485       1.0094914      0.99783985       1.0406913     0.022398937      0.11696824     0.057322919       1.0069126       1.0066806       1.0039592       16.578454        7.326117   1.2206918e-13       0.6997375       68.364183      0.29957677      0.14001204      0.70034593      0.24586784      0.24719954       2.4430702       7.9307611      0.80853956      0.97788314      0.44254286      0.59817506       13.789364       147.87639       11.256143       633.37018      -3.2475233       -3.2475233        1005.811          11.256143                  21.13347                         390.2495                          221.98721             165.89978                             24.295521        170.98941
             32       500.00485        1.219544      0.86487385      -12.913394     -0.15506485        1.010184      0.99915553       1.0408026     0.022378911       0.1167675     0.058377206       1.0062859       1.0050357       1.0038541       16.578454        7.326117   1.2206918e-13       0.6997375       68.457733      0.29828749      0.13979127      0.70163542      0.24585929      0.24719096       2.4466584       8.0367574      0.80801601      0.97658199      0.44130362      0.59714353        13.78712       147.95288       10.691029       634.24607      -3.9091921       -3.9091921       1007.8281          10.691029                 21.134383                        390.27253                          222.83915             166.78848                              24.56744        171.53506
             12       500.20978        1.219544      0.86487385      -12.913394     -0.15506485        1.010184      0.99915553       1.0407869     0.022401979      0.11681707     0.058297021       1.0067133       1.0050357       1.0038541       16.578454        7.326117   1.2206918e-13       0.6997375        68.45349      0.29847948      0.13986391      0.70144342      0.24586914      0.24720085        2.442526       8.0242979      0.80807615      0.97668495      0.44147847      0.59728404       13.785499       147.91363       10.782284       634.30595      -3.4647685       -3.4647685       1007.3491          10.782284                 21.099355                         390.2636                          222.94299             166.11628                             24.536327        171.60825
              3        499.9669        1.219544      0.86487385      -12.913394     -0.15506485        1.010184      0.99915553       1.0407912     0.022451286      0.11710226     0.055988325       1.0067259       1.0065889      0.99977879       16.578454        7.326117   1.2206918e-13       0.6997375       68.392521      0.29972699      0.14019841      0.70019577      0.24589025      0.24722203       2.4337285       7.7881549      0.80887241      0.97808301      0.44283603      0.59849632       13.781725       147.78169       11.343235        634.4746      -3.4511653       -3.4511653       1006.8361          11.343235                 21.253474                        390.28003                          222.94109             167.35856                             24.312362        169.34737
              6       498.76089        1.219544      0.86487385      -12.913394     -0.15506485        1.010184      0.99915553       1.0407839     0.022413068      0.11739858     0.056568448       1.0069668       1.0070401       1.0003398       16.578454        7.326117   1.2206918e-13       0.6997375       68.251856      0.30151781      0.14045652      0.69840464      0.24587388      0.24720561       2.4405431       7.8596592      0.81007419      0.98054507       0.4448169      0.60027884       13.787147       147.74501       12.281704       633.46333      -3.1872536       -3.1872536       1003.8963          12.281704                 21.149105                         390.2413                          222.07293             164.65876                             24.176191         169.3163
             20       498.01963        1.219544      0.86487385      -12.913394     -0.15506485        1.010184      0.99915553       1.0408685     0.022534141      0.11738986      0.05666034       1.0067535       1.0068362      0.99995492       16.578454        7.326117   1.2206918e-13       0.6997375       68.383351      0.30059959      0.14056887      0.69932316      0.24592577      0.24725769       2.4190528       7.8415077      0.80958892      0.97901504      0.44387302      0.59946199       13.772386        147.6119        11.89765       633.46928      -3.4214818       -3.4214818       1002.8822           11.89765                 21.190315                        390.20091                          222.07805              162.5022                             24.257974        170.75513
             32       496.46117        1.219544      0.86487385      -12.913394     -0.15506485        1.010184      0.99915553       1.0408807     0.022515963      0.11734652     0.057218206       1.0053236       1.0068781       1.0024102       16.578454        7.326117   1.2206918e-13       0.6997375       68.388016      0.30042705      0.14050735       0.6994957      0.24591798      0.24724987       2.4222611       7.9003869       0.8095263      0.97890593      0.44371129      0.59932959       13.773656       147.64381        11.75292        633.9146      -4.8029464       -4.8029464       1002.5282           11.75292                 21.286712                        390.23113                          222.39675             161.37594                             24.244577         171.2402
             13       496.63072        1.219544      0.86487385      -12.913394     -0.15506485        1.010184      0.99915553        1.040766     0.022467135      0.11769734     0.057134316       1.0050316       1.0068781       1.0024102       16.578454        7.326117   1.2206918e-13       0.6997375       68.183193      0.30288433      0.14080934      0.69703796      0.24589704      0.24722885        2.430911       7.9087386        0.810867       0.9819988      0.44626007      0.60154598       13.783585       147.60453       13.442139       634.02562      -5.0448151       -5.0448151       1003.3511          13.442139                 21.270998                         390.2347                          222.51992             161.27987                              24.13373        170.46971
              5       496.95226        1.219544      0.86487385      -12.913394     -0.15506485        1.010184      0.99915553       1.0408416     0.022434802      0.11801913     0.057643608       1.0038596       1.0068781       1.0024102       16.578454        7.326117   1.2206918e-13       0.6997375       68.066768      0.30454611       0.1410988      0.69537592      0.24588318      0.24721494       2.4366643       7.9723294       0.8121949       0.9844478      0.44821541      0.60335584       13.786023        147.5547       14.734313       635.13712      -5.8784792       -5.8784792       1005.6615          14.734313                 21.310458                        390.18536                           223.6413             160.87531                             24.010781        170.90395
              8       497.78623        1.219544      0.86487385      -12.913394     -0.15506485        1.010184      0.99915553       1.0407377     0.022433123      0.11827174      0.05770599       1.0035834       1.0068781       1.0024102       16.578454        7.326117   1.2206918e-13       0.6997375       67.940447      0.30622327      0.14134973      0.69369846      0.24588246      0.24721422       2.4369635       7.9829486      0.81298121      0.98631652      0.44988302      0.60476974       13.790412        147.4894       16.664398       635.17044      -6.0429688       -6.0429688       1007.6584          16.664398                 21.301952                        390.19921                          223.66928             160.65157                             24.033289        171.13869
             13       497.76094        1.219544      0.86487385      -12.913394     -0.15506485        1.010184      0.99915553        1.040931     0.022461148      0.11834396     0.056910381       1.0032165       1.0068781       1.0024102       16.578454        7.326117   1.2206918e-13       0.6997375       68.002746      0.30587921      0.14144997      0.69404267      0.24589447      0.24722627       2.4319747       7.8988177      0.81328774      0.98623633      0.44979974      0.60482776       13.782127       147.43885        16.07599       638.57881      -6.2425585       -6.2425585        1008.007           16.07599                 21.408802                        390.22386                          226.94614             159.09284                               24.1089        170.15045
              4       497.01819        1.219544      0.86487385      -12.913394     -0.15506485        1.010184      0.99915553       1.0408279     0.022440368      0.11802648     0.057753023       1.0045055       1.0068781       1.0024102       16.578454        7.326117   1.2206918e-13       0.6997375       68.064142      0.30459748      0.14111171      0.69532453      0.24588557      0.24721734       2.4356724       7.9820226      0.81218375      0.98445327      0.44824706        0.603373       13.785904       147.54652       14.821529       634.03399      -5.4462392       -5.4462392       1004.9289          14.821529                 21.238728                        390.17554                          222.61972             160.89163                             24.009519        171.17218
              4         498.219        1.219544      0.86487385      -12.913394     -0.15506485        1.010184      0.99915553       1.0408468     0.022433199      0.11792075      0.05853626       1.0045652       1.0068781       1.0024102       16.578454        7.326117   1.2206918e-13       0.6997375       68.102365      0.30401225      0.14099882      0.69590985       0.2458825      0.24721426       2.4369501       8.0595936      0.81186446      0.98379007      0.44764019      0.60284589        13.78559       147.58276       14.219642       634.19189      -5.4029055       -5.4029055       1007.2438          14.219642                 21.183406                        390.27721                          222.73127             162.27442                             24.012036        172.54582
             44        497.5878        1.219544      0.86487385      -12.913394     -0.15506485        1.010184      0.99915553       1.0408432     0.022415808      0.11768644     0.057274176       1.0038582       1.0068781       1.0024102       16.578454        7.326117   1.2206918e-13       0.6997375       68.170685      0.30286158      0.14074712      0.69706068      0.24587505      0.24720678       2.4400536       7.9343551      0.81112162      0.98239728      0.44638344      0.60172357       13.786402       147.66485       13.195413       637.61712      -5.8793601       -5.8793601       1006.9343          13.195413                 21.370093                        390.19856                          226.04847             161.99421                             24.064673         170.0629
             20       497.02088        1.219544      0.86487385      -12.913394     -0.15506485        1.010184      0.99915553       1.0409471     0.022488293      0.11824383      0.05623084       1.0043431       1.0068781       1.0024102       16.578454        7.326117   1.2206918e-13       0.6997375       68.066225      0.30515143      0.14137699      0.69477059      0.24590611      0.24723796       2.4271573       7.8230985      0.81283985      0.98523346       0.4490169      0.60413478       13.778472       147.43532       15.370852       637.07533      -5.5612375       -5.5612375       1005.1642          15.370852                 21.366544                        390.19741                          225.51137             158.95766                             24.250187        169.51021
              4       500.38911        1.219544      0.86487385      -12.913394     -0.15506485        1.010184      0.99915553       1.0410477     0.022399706      0.11802238     0.055967212       1.0076917       1.0085273       1.0001496       16.578454        7.326117   1.2206918e-13       0.6997375       68.105874      0.30412781      0.14106695       0.6957943      0.24586817      0.24719987       2.4429327       7.8132042      0.81254718        0.984592      0.44810177      0.60341016       13.783415       147.59307       13.968686        636.4286      -2.3372617       -2.3372617       1005.4527          13.968686                 21.074782                         390.2722                          225.08162             162.48528                             24.167073        168.40311
             20       496.68165        1.219544      0.86487385      -12.913394     -0.15506485        1.010184      0.99915553       1.0410373     0.022508631      0.11779477     0.056360615       1.0050804       1.0084208       1.0020169       16.578454        7.326117   1.2206918e-13       0.6997375       68.273734      0.30237956      0.14094827      0.69754293      0.24591483      0.24724671       2.4235572        7.824336      0.81127051      0.98183579      0.44610995      0.60159442       13.771741       147.53219        12.85779       635.70475      -5.0054134       -5.0054134       1003.3741           12.85779                 21.336983                        390.20743                          224.16033             160.62585                             24.151686        170.03406
              5       498.54575        1.219544      0.86487385      -12.913394     -0.15506485        1.010184      0.99915553       1.0410608      0.02249552      0.11784664     0.054661289       1.0056735       1.0084208       1.0020169       16.578454        7.326117   1.2206918e-13       0.6997375       68.252222       0.3026534      0.14098703      0.69726904      0.24590921      0.24724107       2.4258771       7.6574896      0.81153077      0.98230554      0.44645508      0.60192362       13.772592       147.53298       13.005085       639.84048       -4.495099        -4.495099       1006.0817          13.005085                 21.406343                        390.37075                          228.06338             160.26861                             24.533312         168.4342
             12       498.63926        1.219544      0.86487385      -12.913394     -0.15506485        1.010184      0.99915553       1.0410061     0.022454456      0.11854695     0.054407633        1.006416       1.0084208       1.0020169       16.578454        7.326117   1.2206918e-13       0.6997375       67.950243      0.30677723      0.14164627      0.69314452       0.2458916       0.2472234       2.4331646       7.6519262      0.81408713      0.98758704       0.4509023      0.60586612       13.781445       147.39223       16.955999       636.64314      -3.7770287       -3.7770287       1004.8326          16.955999                  21.27101                        390.44708                          224.92505             158.76439                             25.047506        167.42155
              4       500.02785        1.219544      0.86487385      -12.913394     -0.15506485        1.010184      0.99915553       1.0408661     0.022321044      0.11852942     0.055321152        1.005244       1.0084208       1.0020169       16.578454        7.326117   1.2206918e-13       0.6997375       67.799443      0.30781504      0.14149533      0.69210636      0.24583459      0.24716617        2.457072       7.7736996      0.81447033      0.98915011      0.45187695      0.60666331       13.799007       147.54601       17.911399       638.26974      -4.8702219       -4.8702219       1009.7962          17.911399                 21.282564                        390.27599                          226.71119             161.71232                             24.715987        167.18671
              9       502.72272        1.219544      0.86487385      -12.913394     -0.15506485       1.0054267       1.0011659       1.0409556     0.022273228      0.11787409     0.057796529       1.0072827       1.0078854       1.0012154       16.578454        7.326117   1.2206918e-13       0.6997375       68.023783      0.30426849      0.14079218      0.69565344      0.24581414      0.24714565       2.4657271       8.0227387      0.81249619      0.98512409      0.44817726      0.60344206       13.798251       147.77444       13.832128       640.47826      -2.8272467       -2.8272467       1011.0999          13.832128                  20.96659                        390.30238                          229.20928             167.47787                             23.882155        165.42952
              8       497.97172        1.219544      0.86487385      -12.913394     -0.15506485       1.0054267       1.0011659       1.0409638     0.022296467       0.1179898     0.056653554       1.0051003       1.0060783       1.0021281       16.578454        7.326117   1.2206918e-13       0.6997375       68.004265      0.30474362      0.14093113      0.69517826      0.24582409      0.24715564       2.4615148       7.9049366      0.81280473      0.98563961      0.44869738      0.60390674       13.796181       147.71739       14.318089       637.13811      -4.9891251       -4.9891251       1005.9217          14.318089                  21.24624                        390.21718                          225.67469             164.69852                             24.010637        165.75635
             13       499.53336        1.219544      0.86487385      -12.913394     -0.15506485       1.0054267       1.0011659       1.0409782     0.022286515      0.11804496     0.056150182       1.0060813       1.0063226       1.0009539       16.578454        7.326117   1.2206918e-13       0.6997375       67.981194      0.30504832      0.14097634       0.6948735      0.24581983      0.24715136       2.4633175       7.8575444      0.81305246       0.9861073      0.44905847      0.60424175       13.796999        147.7138       14.553921       636.46576      -4.1116042       -4.1116042       1007.2899          14.553921                 21.184104                        390.22215                          225.05951             166.03693                             24.115153        166.11816
             19       496.38974        1.219544      0.86487385      -12.913394     -0.15506485       1.0054267       1.0011659        1.041231     0.022389087      0.11806666     0.058866502       1.0041993       1.0063226       1.0009539       16.578454        7.326117   1.2206918e-13       0.6997375       68.142806      0.30387073      0.14110061      0.69605147      0.24586363      0.24719532        2.444834       8.1057899      0.81291181      0.98476687      0.44811334      0.60355333        13.77921       147.59313       13.500262       636.71694      -5.6594862       -5.6594862       1004.0985          13.500262                 21.186352                        390.31432                          225.21626              164.0314                             23.948023        165.90184
              4       497.14981        1.219544      0.86487385      -12.913394     -0.15506485       1.0054267       1.0011659         1.04127     0.022381946      0.11832393     0.059042949       1.0040616       1.0044314       1.0001049       16.578454        7.326117   1.2206918e-13       0.6997375       68.058242      0.30516634      0.14135074      0.69475567      0.24586058      0.24719226       2.4461141       8.1293949      0.81386965      0.98653953      0.44959676      0.60490756       13.779898       147.53247       14.586015       638.09817      -5.7504538       -5.7504538       1005.8005          14.586015                 21.161127                        390.35181                          226.58522             163.29997                             23.864003        165.95238
              3       500.02277        1.219544      0.86487385      -12.913394     -0.15506485       1.0054267       1.0011659       1.0413647     0.022376713      0.11843464     0.058204533        1.005378       1.0044314       1.0001049       16.578454        7.326117   1.2206918e-13       0.6997375       68.046263       0.3055016      0.14145622      0.69442037      0.24585835      0.24719002       2.4470527       8.0495615       0.8143622      0.98722346       0.4501159      0.60543982       13.778085        147.5088       14.767086       640.78882      -4.7563978       -4.7563978       1009.5583          14.767086                 21.092371                        390.26911                          229.42734              164.4857                             23.784956        165.73178
              4       497.88101        1.219544      0.86487385      -12.913394     -0.15506485       1.0054267       1.0011659       1.0414639     0.022415539      0.11805781      0.05871554       1.0037681       1.0024384       1.0018083       16.578454        7.326117   1.2206918e-13       0.6997375       68.246063      0.30298971      0.14111822      0.69693272      0.24587494      0.24720667       2.4401017        8.084987      0.81297819      0.98410195      0.44749979      0.60316463       13.769556       147.56591       12.642541       637.65826      -5.9343061       -5.9343061       1007.6306          12.642541                 21.255526                        390.31684                          226.08589             166.65654                             23.978823        166.69446
              4       498.19565        1.219544      0.86487385      -12.913394     -0.15506485       1.0054267       1.0011659        1.041458     0.022494867      0.11826743     0.059115479        1.003513       1.0036794       1.0069431       16.578454        7.326117   1.2206918e-13       0.6997375       68.234874      0.30370968      0.14140717      0.69621273      0.24590893      0.24724079       2.4259927       8.1095477      0.81335584      0.98463981      0.44823927      0.60380297       13.762672       147.42148       13.398749       638.13695       -6.082913        -6.082913       1008.5571          13.398749                 21.244449                        390.34257                          226.54993               165.208                             24.011037        167.80238
             29       497.08602        1.219544      0.86487385      -12.913394     -0.15506485       1.0054267       1.0011659       1.0414698     0.022492986      0.11825827     0.059094639       1.0023735       1.0016392       1.0038175       16.578454        7.326117   1.2206918e-13       0.6997375       68.240559      0.30363537      0.14139613      0.69628705      0.24590812      0.24723998       2.4263258       8.1077992      0.81334294      0.98458319      0.44817733      0.60375646       13.762469       147.42602       13.320247       637.54723      -6.6195187       -6.6195187       1007.4111          13.320247                 21.359832                        390.33322                          225.85418             164.72937                             24.012263        167.80196
              2       497.32997        1.219544      0.86487385      -12.913394     -0.15506485       1.0054267       1.0011659       1.0414258     0.022431522      0.11796388     0.058869936       1.0029543       1.0016392       1.0038175       16.578454        7.326117   1.2206918e-13       0.6997375       68.280053      0.30252092      0.14104026      0.69740159      0.24588178      0.24721353        2.437249       8.0948444       0.8125469      0.98333503      0.44691625      0.60261132       13.768668       147.57312       12.390793       637.38701      -6.3719785       -6.3719785       1007.4039          12.390793                  21.33519                        390.31085                          225.74097             166.74596                             24.063814        166.81631
              3        497.3106        1.219544      0.86487385      -12.913394     -0.15506485       1.0054267       1.0011659       1.0413885     0.022477585      0.11775198     0.059167151       1.0040175       1.0020766       1.0067228       16.578454        7.326117   1.2206918e-13       0.6997375       68.381483      0.30126949      0.14087444      0.69865325      0.24590152      0.24723335       2.4290559       8.1097169      0.81157029      0.98142446      0.44545487      0.60126362       13.764199       147.57825       11.744819       636.72418      -5.7789797       -5.7789797       1006.1792          11.744819                 21.237233                        390.34512                          225.14183             165.96589                             24.306842        167.43742
             10       498.03526        1.219544      0.86487385      -12.913394     -0.15506485       1.0054267       1.0011659       1.0413179     0.022477591      0.11782203     0.058971715       1.0049993       1.0019939       1.0050645       16.578454        7.326117   1.2206918e-13       0.6997375       68.332656       0.3018502      0.14094448      0.69807242      0.24590152      0.24723335       2.4290548       8.0915248      0.81175204      0.98199491      0.44598384      0.60168787       13.766616       147.55953       12.150704       638.19722      -5.0708069       -5.0708069       1006.2121          12.150704                 21.148056                         390.3024                          226.74677             164.58257                             24.194018        167.08763
             11       493.33397        1.219544      0.86487385      -12.913394     -0.15506485      0.99787532       1.0083761       1.0412548      0.02250308      0.11836839     0.060873456       1.0008878       1.0019939       1.0050645       16.578454        7.326117   1.2206918e-13       0.6997375       68.137422       0.3048142      0.14151634      0.69510799      0.24591245      0.24724432       2.4245389        8.281373      0.81348377      0.98549867      0.44912423      0.60444626       13.768346       147.38548        14.65518       636.64993      -7.0071593       -7.0071593       1000.6823           14.65518                   21.3503                        390.60313                           224.6965             160.87293                             24.315118         164.1891
              1       493.92841        1.219544      0.86487385      -12.913394     -0.15506485      0.99880872       1.0109446       1.0412419     0.022510202      0.11844996      0.06106572        1.000271       1.0004242       1.0036121       16.578454        7.326117   1.2206918e-13       0.6997375       68.109977      0.30525107      0.14160502      0.69467105      0.24591551      0.24724739       2.4232794       8.2998411      0.81372342      0.98598759      0.44957838      0.60484085       13.768368       147.35585       15.127255       636.90477      -7.0643345       -7.0643345       1001.9855          15.127255                  21.39017                        390.65648                          224.85812             160.55927                             24.312938        165.08125
             16       494.62477        1.219544      0.86487385      -12.913394     -0.15506485      0.99880872       1.0109446       1.0412396     0.022511282       0.1184487     0.061014068      0.99912705        1.002033       1.0037807       16.578454        7.326117   1.2206918e-13       0.6997375        68.11054      0.30524564      0.14160485      0.69467648      0.24591597      0.24724785       2.4230885       8.2945201      0.81371234      0.98597009      0.44956826      0.60482993       13.768323       147.35498       15.128688       639.03903      -7.0092467       -7.0092467        1003.268          15.128688                 21.513777                        390.61296                          226.91229             159.73281                             24.298414        165.06909
             13       492.31081        1.219544      0.86487385      -12.913394     -0.15506485      0.99880872       1.0109446       1.0411341     0.022486255      0.11820314     0.060701787        1.001435        1.002033       1.0037807       16.578454        7.326117   1.2206918e-13       0.6997375       68.141844      0.30438249      0.14133426       0.6955397      0.24590524      0.24723708       2.4275185       8.2654777      0.81287357      0.98472748      0.44846942      0.60377888       13.772917        147.4482       14.353593       635.73175      -6.9054623       -6.9054623       998.43255          14.353593                 21.317031                        390.58822                           223.8265             159.83544                             24.320617        164.19115
              1       493.01633        1.219544      0.86487385      -12.913394     -0.15506485      0.99880872       1.0109446       1.0411674     0.022498037      0.11820831     0.061216114        1.001501        1.002033       1.0037807       16.578454        7.326117   1.2206918e-13       0.6997375       68.160932      0.30424854      0.14135122       0.6956737      0.24591029      0.24724215       2.4254315       8.3130091      0.81287242       0.9845882       0.4483701      0.60371159       13.770759       147.43368       14.223627       636.55304      -6.8899753       -6.8899753       999.81261          14.223627                  21.27405                        390.66569                           224.6133             159.87328                             24.510501        164.65216
              8       493.33272        1.219544      0.86487385      -12.913394     -0.15506485      0.99880872       1.0109446       1.0410721     0.022522279       0.1180871     0.062149032      0.99934817        1.002033       1.0037807       16.578454        7.326117   1.2206918e-13       0.6997375       68.192202      0.30376104      0.14125424      0.69616127      0.24592069      0.24725258       2.4211456        8.395485      0.81225756      0.98361786      0.44767186      0.60301314       13.770627       147.43895       13.978842       636.09691      -7.0362196       -7.0362196       1000.7379          13.978842                 21.432608                        390.93916                          223.72514             160.05318                             24.985241         165.6237
              6       492.50772        1.219544      0.86487385      -12.913394     -0.15506485      0.99880872       1.0109446       1.0408694     0.022565801      0.11802779     0.060726846       1.0009906       1.0029114       1.0035075       16.578454        7.326117   1.2206918e-13       0.6997375       68.181267      0.30382453      0.14123846      0.69609775      0.24593934      0.24727131       2.4134794       8.2455243      0.81168017      0.98299747      0.44740039      0.60261598       13.772028       147.40626        14.43252       635.18761      -6.9917006       -6.9917006       998.99883           14.43252                 21.382923                        390.58497                          223.21972             159.36394                             24.456046        165.55872
              4       492.39546        1.219544      0.86487385      -12.913394     -0.15506485      0.99880872       1.0109446       1.0408734     0.022559707      0.11796917      0.06051998       1.0020639       1.0029114       1.0035075       16.578454        7.326117   1.2206918e-13       0.6997375       68.198497      0.30353188      0.14117374      0.69639044      0.24593673      0.24726869       2.4145507       8.2257781      0.81150621      0.98266265      0.44708902       0.6023417       13.772264       147.42867        14.13927       634.83992      -6.7294407       -6.7294407       998.24979           14.13927                 21.296338                        390.53817                          223.00541             159.46464                             24.436336        165.36963
              2       492.86597        1.219544      0.86487385      -12.913394     -0.15506485      0.99880872       1.0109446       1.0408724     0.022569967      0.11796986     0.060421435       1.0006711       1.0029114       1.0035075       16.578454        7.326117   1.2206918e-13       0.6997375       68.206407      0.30348502      0.14118469      0.69643732      0.24594113       0.2472731       2.4127473       8.2137612      0.81146347       0.9825539      0.44703096      0.60228672       13.771263       147.41706       14.129738       636.24267      -7.0341837       -7.0341837       999.80031          14.129738                 21.447513                        390.51059                          224.28456             159.44272                             24.421222        165.56396
              2       493.12657       1.2439805      0.75347135      -12.929212     -0.21004138      0.99880872       1.0109446       1.0408724     0.022569967      0.11796986     0.060421435       1.0007102       1.0027377       1.0028349       17.538017       5.6685417   1.1770315e-13      0.61653626       68.206407      0.30348502      0.14118469      0.69643732      0.24594113       0.2472731       2.4127473       8.2137612      0.81083264      0.98179007      0.44668344      0.60181851       13.771263       147.41706       14.129738       634.98805      -6.6598379       -6.6598379       999.57281          14.129738                 21.329928                        390.51002                           223.1481             159.47412                             24.831669        166.14923
              3       494.70165       1.2439805      0.75347135      -12.929212     -0.21004138      0.99880872       1.0109446       1.0408068     0.022568151      0.11803083     0.060414277      0.99995021       1.0006029       1.0012374       17.538017       5.6685417   1.1770315e-13      0.61653626       68.161073      0.30401619      0.14124385      0.69590605      0.24594035      0.24727232       2.4130663       8.2144189      0.81099286      0.98231057      0.44716251      0.60220063       13.773675       147.40285       14.707183       635.96331      -6.6999846       -6.6999846       1002.8033          14.707183                 21.397497                        390.51224                          224.05358             161.25333                             24.735023        166.14441
              3       496.57835       1.2439805      0.75347135      -12.929212     -0.21004138      0.99880872       1.0109446       1.0407421     0.022465672      0.11767767     0.062589005       1.0013803       1.0005788       1.0053463       17.538017       5.6685417   1.1770315e-13      0.61653626       68.181014      0.30285822      0.14078821      0.69706406      0.24589641      0.24722822       2.4311708       8.4437569      0.81014783      0.98114353      0.44584506      0.60099951       13.784358       147.61142       13.444534       638.00703      -6.5477712       -6.5477712       1006.2522          13.444534                 21.104208                        391.02272                           225.8801             162.96929                              26.06536        165.76602
              7       494.36543       1.2439805      0.75347135      -12.929212     -0.21004138      0.99880872       1.0109446       1.0406492     0.022445813      0.11782899     0.062009469       1.0001212       1.0004196       1.0050711       17.538017       5.6685417   1.1770315e-13      0.61653626       68.079232      0.30404811      0.14091967      0.69587394       0.2458879      0.24721968       2.4347028       8.3949515      0.81067668      0.98251764      0.44701164      0.60198166       13.789816       147.59324       14.553027       634.18478      -6.6990079       -6.6990079       1002.1289          14.553027                 21.245071                        390.90422                          222.03549             163.00729                             25.400348        164.98344
              6       497.35504       1.2439805      0.75347135      -12.929212     -0.21004138      0.99880872       1.0109446       1.0404678     0.022409212      0.11779451     0.062842218      0.99829916       1.0004196       1.0050711       17.538017       5.6685417   1.1770315e-13      0.61653626        68.00056      0.30459834      0.14084859      0.69532353      0.24587223      0.24720395       2.4412323       8.4835592      0.81055023      0.98293248      0.44734614      0.60215988       13.798774       147.64336       15.225783       635.38094      -6.4687549       -6.4687549       1007.6476          15.225783                 21.350063                        391.11771                          222.91317             165.67275                             25.708391        165.65971
              5       495.83129       1.2439805      0.75347135      -12.929212     -0.21004138      0.99880872       1.0109446       1.0406569     0.022390385      0.11750387     0.063375591      0.99906079       1.0004203       1.0049111       17.538017       5.6685417   1.1770315e-13      0.61653626       68.152681      0.30257383      0.14053913      0.69734839      0.24586419      0.24719588       2.4446016       8.5347786      0.80979175      0.98091613      0.44543981      0.60059428       13.793708        147.7422       13.109241       634.46282      -6.6296136       -6.6296136       1004.9218          13.109241                 21.268112                        391.28509                          221.90962             165.28441                             26.660249        165.40508
              5       498.90845       1.2439805      0.75347135      -12.929212     -0.21004138      0.99880872       1.0109446        1.040707     0.022299115      0.11771513     0.060621721      0.99920194       1.0004203       1.0049111       17.538017       5.6685417   1.1770315e-13      0.61653626       68.018631      0.30402697      0.14065912      0.69589494      0.24582522      0.24715677       2.4610356       8.2929286      0.81097103      0.98331213       0.4471584      0.60218976       13.802362       147.78818       13.998416       642.58915       -6.649231        -6.649231       1011.1154          13.998416                 21.429922                        390.60381                          230.55541              167.4396                             24.711969        162.37624
             12       498.27111       1.2439805      0.75347135      -12.929212     -0.21004138      0.99880872       1.0109446       1.0405486     0.022224207      0.11812953     0.062316701       1.0000967       1.0004725       1.0048785       17.538017       5.6685417   1.1770315e-13      0.61653626       67.755841      0.30712936       0.1409986      0.69279195      0.24579307      0.24712451       2.4746475       8.4841247      0.81258079       0.9871728       0.4503262      0.60491853       13.816515       147.76111       17.211819       636.53156      -6.6994351       -6.6994351       1009.9411          17.211819                 21.145172                         391.0695                          224.31689             168.42062                             24.861362        162.91573
              8       496.40129       1.2439805      0.75347135      -12.929212     -0.21004138      0.99880872       1.0109446        1.040618     0.022271732      0.11746603     0.061782934       1.0015475       1.0022261       1.0019088       17.538017       5.6685417   1.1770315e-13      0.61653626       68.055669      0.30309918      0.14038263      0.69682282       0.2458135      0.24714501       2.4659986       8.4085745      0.81014254      0.98204024      0.44601947      0.60111508       13.806656       147.88553       13.246224       635.64605      -6.5086066       -6.5086066       1005.8198          13.246224                 21.124982                        390.90144                          223.61963             168.77685                             25.448659        162.70201
              6       496.33129       1.2439805      0.75347135      -12.929212     -0.21004138      0.99880872       1.0109446        1.040669     0.022270306      0.11789533     0.060434278       1.0003584       1.0025113       1.0043811       17.538017       5.6685417   1.1770315e-13      0.61653626       67.917711      0.30525934       0.1408105      0.69466234      0.24581289       0.2471444       2.4662574       8.2845338      0.81168614      0.98491014      0.44845887      0.60333063       13.807213       147.77212       15.127678       637.88794      -6.6899041       -6.6899041       1006.0424          15.127678                 21.300556                         390.6017                          225.98568             166.40657                             24.429453        162.19075
              4       497.86631       1.2439805      0.75347135      -12.929212     -0.21004138      0.99880872       1.0109446       1.0410698     0.022225347      0.11767083     0.061316001      0.99992577       1.0025113       1.0043811       17.538017       5.6685417   1.1770315e-13      0.61653626       68.095545      0.30308593      0.14054104      0.69683616      0.24579356        0.247125       2.4744395       8.3787704      0.81146687      0.98335752      0.44673881      0.60209114       13.798746       147.88272       12.646524        640.5802      -6.6997422       -6.6997422       1009.1321          12.646524                 21.307314                        390.82186                          228.45102             168.81361                             25.250781        161.84099
              2       496.52158       1.2439805      0.75347135      -12.929212     -0.21004138      0.99880872       1.0109446        1.040999     0.022252557      0.11775629     0.061757417       1.0009498       1.0025113       1.0043811       17.538017       5.6685417   1.1770315e-13      0.61653626       68.063545      0.30361418      0.14065371      0.69630783      0.24580528      0.24713675       2.4694829       8.4167107      0.81158084       0.9837268      0.44719075      0.60243792       13.798505       147.82921       13.183399       637.70938      -6.6280134       -6.6280134       1006.2992          13.183399                 21.167366                        390.89704                          225.64497             167.91312                             25.368721        162.12457
              7       498.24441       1.2439805      0.75347135      -12.929212     -0.21004138      0.99880872       1.0109446        1.041008     0.022209733      0.11859404     0.058616962       1.0018281       1.0024867       1.0051927       17.538017       5.6685417   1.1770315e-13      0.61653626       67.732415      0.30832282      0.14144864      0.69159843      0.24578682      0.24711823       2.4772905       8.1318442      0.81466395      0.98987468      0.45235702      0.60705762        13.80627       147.65323       17.834618        639.4182      -6.4328345       -6.4328345       1009.3545          17.834618                 21.228573                        390.33599                          227.85364             166.35265                             23.751902        161.99712
              1       497.89125       1.2439805      0.75347135      -12.929212     -0.21004138      0.99880872       1.0109446       1.0411597     0.022210336      0.11829131     0.060757293       1.0009686       1.0024867       1.0051927       17.538017       5.6685417   1.1770315e-13      0.61653626       67.891447      0.30622455      0.14114651      0.69369707      0.24578708      0.24711849       2.4771803         8.33875      0.81376161      0.98761952      0.45031582      0.60535091       13.800342       147.73341       15.217256       639.60167      -6.6251206       -6.6251206       1009.0327          15.217256                 21.185675                        390.67156                          227.74444             168.11122                             24.409002        161.69359
              5       497.89221       1.2439805      0.75347135      -12.929212     -0.21004138      0.99880872       1.0109446       1.0411311     0.022216047      0.11826479     0.061075929       1.0005421       1.0023615       1.0055748       17.538017       5.6685417   1.1770315e-13      0.61653626       67.896034      0.30613805      0.14112571      0.69378358      0.24578955      0.24712097       2.4761371       8.3681777      0.81361914      0.98741326      0.45017338      0.60520218       13.800503       147.73408       15.188142       639.33647      -6.6766764       -6.6766764       1009.1378          15.188142                 21.205315                        390.75757                          227.37359             168.30018                             24.547772         161.7652
              2       498.34677       1.2439805      0.75347135      -12.929212     -0.21004138      0.99880872       1.0109446       1.0412123     0.022306628      0.11725719     0.062845206       1.0010752       1.0016941       1.0046204       17.538017       5.6685417   1.1770315e-13      0.61653626        68.35902      0.30004284      0.14020869      0.69987985      0.24582843      0.24715999       2.4596765       8.5006823      0.80979285      0.97943591      0.44357348      0.59933516        13.78442       147.90244       11.000597       639.55373      -6.6076937       -6.6076937       1009.9089          11.000597                 21.145023                        391.15588                          227.25283             168.76118                             27.211103        163.38232
              7       498.75145       1.2439805      0.75347135      -12.929212     -0.21004138      0.99880872       1.0109446        1.041139     0.022290241      0.11717838     0.062740419       1.0001732       1.0008221        1.008267       17.538017       5.6685417   1.1770315e-13      0.61653626        68.34934      0.29992405      0.14011349      0.69999862      0.24582143      0.24715296       2.4626425       8.4929797      0.80952252      0.97917829      0.44333762      0.59907578       13.787896       147.94201       10.972567        638.2806      -6.6977838       -6.6977838       1010.8985          10.972567                 21.241973                        391.12323                           225.9154             171.48309                              27.13721        163.02499
              3       496.55467       1.2439805      0.75347135      -12.929212     -0.21004138      0.99880872       1.0109446       1.0411567     0.022303588      0.11715101     0.062107094       1.0003071       1.0019215       1.0030277       17.538017       5.6685417   1.1770315e-13      0.61653626       68.376118      0.29965918      0.14009946      0.70026355      0.24582713      0.24715869       2.4602263       8.4277648      0.80938385      0.97881882       0.4430659      0.59884087         13.7859       147.93437        10.88128       638.36159      -6.6926403       -6.6926403       1006.4946           10.88128                 21.283288                        390.93361                          226.14469             167.76454                             26.726085        162.76112
              1       496.41749       1.2439805      0.75347135      -12.929212     -0.21004138      0.99880872       1.0109446       1.0410655     0.022395282      0.11735148      0.06296383       1.0009263       1.0019215       1.0030277       17.538017       5.6685417   1.1770315e-13      0.61653626       68.348764      0.30052449      0.14039163      0.69939817      0.24586628      0.24719798       2.4437246       8.4918527      0.80960409      0.97928107      0.44382589      0.59943578       13.780312       147.77758       11.443247       637.67497      -6.6315334       -6.6315334        1006.098          11.443247                 21.152255                         391.1686                          225.35411             165.24705                             27.105723        164.62704
              5       496.34977       1.2439805      0.75347135      -12.929212     -0.21004138      0.99880872       1.0109446       1.0408479     0.022393825       0.1168156     0.062408675       0.9992752       1.0013877       1.0030417       17.538017       5.6685417   1.1770315e-13      0.61653626       68.467831      0.29833395       0.1398543      0.70158899      0.24586565      0.24719735       2.4439854       8.4284222      0.80753012      0.97592276      0.44107259      0.59680768       13.784489       147.92319       10.700275       638.16236      -6.6581567       -6.6581567       1006.0158          10.700275                  21.40503                        390.98155                          225.77578             165.82682                              27.32877        163.99762
