#        weight    minuslogpost         logphi0          loggst           logV0           logQ0            Tcal            Ecal    theta_MC_100           ombh2           omch2             tau        A_planck           A_act           P_act            phi0             gst              V0              Q0              H0          omegam        omegamh2        omega_de             YHe             Y_p           DHBBN            zrei          sigma8            s8h5      s8omegamp5     s8omegamp25             age           rdrag       chi2__BAO       chi2__CMB   minuslogprior minuslogprior__0            chi2 chi2__bao.desi_dr2 chi2__planck_2018_lowl.TT chi2__planck_2018_lowl.EE_sroll2 chi2__act_dr6_cmbonly.PlanckActCut chi2__act_dr6_cmbonly chi2__act_dr6_lenslike.ACTDR6LensLike chi2__candl_like
              4       508678.41      0.39343826        1.530233      -12.930225       1.5122451       1.1880408       1.1622056        1.040463     0.022361978      0.11820479     0.050087228        1.003524       1.1206589       1.0996354       2.4742197       33.902597   1.1742896e-13        32.52708       67.813574      0.30706987      0.14121163      0.69285157      0.24585206      0.24718371       2.4496987       7.2212489       1.3318596       1.6173355      0.73803515      0.99144298        13.80551       147.58658       17.863625       753301.72      -5.7811551       -5.7811551       1017368.4          17.863625                 313.35651                        394.61454                          752593.75             159719.26                             69172.875        35156.656
              1       479236.63      0.39343826        1.530233      -12.930225       1.5122451       1.1899019       1.1773055       1.0404539     0.022151009      0.11834175     0.057243804       1.0053431       1.1283157       1.0687845       2.4742197       33.902597   1.1742896e-13        32.52708       67.588506      0.30895634      0.14113762      0.69096458      0.24576128      0.24709259       2.4880557       8.0028283        1.334058       1.6227002      0.74152066      0.99460121       13.827682       147.78657       19.414204       712736.67      -4.4907722       -4.4907722       958482.24          19.414204                 305.02002                         400.6264                          712031.02             146351.52                             67221.984        32152.656
              4       457391.45      0.39343826        1.530233      -12.930225       1.5122451       1.1899019       1.1773055       1.0405958     0.022190869      0.11833084     0.058349726        1.008573       1.1496759       1.0959502       2.4742197       33.902597   1.1742896e-13        32.52708       67.672565      0.30825249      0.14116657      0.69166862      0.24577864      0.24711002       2.4807412        8.104338       1.3339474       1.6215576      0.74061413      0.99395185       13.819356       147.74471       18.391394       692509.97     -0.89486187      -0.89486187       914784.68          18.391394                 300.90259                        401.49001                          691807.58             123647.74                             66810.305        31798.271
              2       441521.35      0.39343826        1.530233      -12.930225       1.5122451       1.1991763       1.1558521       1.0406865      0.02221243      0.11852862     0.061233794       1.0107146       1.1520572       1.0994026       2.4742197       33.902597   1.1742896e-13        32.52708       67.650263      0.30893503      0.14138591      0.69098603      0.24578799       0.2471194       2.4767977       8.3884026       1.3350416       1.6231552      0.74204182      0.99531738       13.815335       147.66769       19.226944       668779.06       2.4096007        2.4096007       883037.87          19.226944                 296.28331                        404.50722                          668078.27             118598.09                             66025.746        29615.746
              2       424612.47      0.39343826        1.530233      -12.930225       1.5122451       1.1991763       1.1558521       1.0405776     0.022001786      0.11836732     0.063819177        1.013831       1.1642471        1.098862       2.4742197       33.902597   1.1742896e-13        32.52708       67.498667      0.30950791      0.14101397       0.6904128      0.24569571      0.24702679       2.5157261        8.690901       1.3354222       1.6254402      0.74294123      0.99606235       13.839146        147.9478        19.23849       647740.16       8.5291584        8.5291584       849207.89           19.23849                 290.73714                        407.56132                          647041.86             106982.58                             65347.669         29118.24
              4       18658.323      0.33818323       1.2978831      -12.949456       1.5426186       1.1991763       1.1558521       1.0405776     0.022001786      0.11836732     0.063819177       1.0162752       1.1842814       1.0903475       2.1786288       19.855603   1.1234246e-13       34.883385       67.498667      0.30950791      0.14101397       0.6904128      0.24569571      0.24702679       2.5157261        8.690901      0.96172011         1.17058      0.53503793       0.7173261       13.839146        147.9478        19.23849         30191.7       14.468235        14.468235        37287.71           19.23849                 54.682148                        392.86805                           29744.15             1371.8927                             3797.0226        1907.8563
              1       3620.0851      0.37169072       1.2433313      -12.869399       1.4452305         1.06393       1.0126457       1.0405776     0.022001786      0.11836732     0.063819177       1.0202143       1.1777837      0.95569918       2.3533728       17.511821   1.3508309e-13       27.876001       67.498667      0.30950791      0.14101397       0.6904128      0.24569571      0.24702679       2.5157261        8.690901      0.84701215       1.0309605      0.47122195      0.63176793       13.839146        147.9478        19.23849       950.52337       25.422762        25.422762       7189.3247           19.23849                 22.588924                        391.71431                          536.22014              5724.422                              166.9546        328.18622
              3       3173.2023      0.37169072       1.2433313      -12.869399       1.4452305         1.06393       1.0126457       1.0403394     0.022275904      0.11880802     0.061734278       1.0238482       1.1662692      0.91563739       2.3533728       17.511821   1.3508309e-13       27.876001       67.487221      0.31118236      0.14172879      0.68873832      0.24581529       0.2471468       2.4652415       8.4262944      0.84711819        1.031177      0.47255406      0.63269988       13.820541       147.52208        23.66945       852.36321       38.232315        38.232315         6269.94           23.66945                 22.332312                        390.93321                          439.09768              4886.411                             185.67924        321.81714
              7       2749.6254      0.37169072       1.2433313      -12.869399       1.4452305       1.0423402      0.97838012       1.0403538     0.022265491      0.11850597     0.057833658       1.0258476        1.158018      0.95460517       2.3533728       17.511821   1.3508309e-13       27.876001        67.59057      0.30954753      0.14141633      0.69037339      0.24581083      0.24714232       2.4671319       8.0377547      0.84611292       1.0291656      0.47075181      0.63111741       13.819845       147.61423       21.019394       931.38388       46.181388        46.181388        5406.888          21.019394                 22.507155                        390.19506                          518.68166             4002.5418                             207.97037        243.97249
             16       2286.7182      0.37169072       1.2433313      -12.869399       1.4452305       1.0423402      0.97838012       1.0400801     0.022285555      0.11858352     0.056129202       1.0293436       1.1406182      0.98902843       2.3533728       17.511821   1.3508309e-13       27.876001       67.487959      0.31070385      0.14151394      0.68921683      0.24581942      0.24715095       2.4634914       7.8627367      0.84603231       1.0298496      0.47158531      0.63164579       13.826364       147.57107       23.543716       871.44493        61.61715         61.61715       4450.2021          23.543716                 22.224458                        390.14218                          459.07829             3078.0336                             224.07378        253.10605
              7       1683.9254      0.37169072       1.2433313      -12.869399       1.4452305        1.041824      0.98168719       1.0397179     0.022362776      0.11824275     0.055337394       1.0302049       1.1186408      0.95422478       2.3533728       17.511821   1.3508309e-13       27.876001        67.55121      0.30954472      0.14125039      0.69037611       0.2458524      0.24718405       2.4495552        7.759001      0.84412873       1.0270512      0.46964573      0.62963597       13.827927       147.57579       22.935517       884.41893       65.720332        65.720332       3236.4101          22.935517                 22.240735                        390.17783                          472.00036             1857.5245                             229.08072        242.45045
             11       1490.6674      0.37169072       1.2433313      -12.869399       1.4452305       1.0401764       1.0023067       1.0397209     0.022377515      0.11835489     0.053595759       1.0392539       1.1143123      0.95788136       2.3533728       17.511821   1.3508309e-13       27.876001       67.524467      0.31006822      0.14137727      0.68985255      0.24585869      0.24719036       2.4469089       7.5806702      0.84446582       1.0276648       0.4702304      0.63015355       13.826841       147.52923       23.871123       704.37293       116.00294        116.00294       2749.3289          23.871123                 21.407843                        390.58073                          292.38436             1598.1646                             243.45551        179.46474
              9        1256.936      0.37169072       1.2433313      -12.869399       1.4452305       1.0401764       1.0023067       1.0398993     0.022174357      0.11832998     0.049879824       1.0423621       1.1021214      0.99039504       2.3533728       17.511821   1.3508309e-13       27.876001       67.426426      0.31046893       0.1411492      0.68945161      0.24577146      0.24710282       2.4837674       7.2398617      0.84545658       1.0296183       0.4710862      0.63109661       13.841912       147.76349       22.954494       727.71215       136.29708        136.29708       2241.2778          22.954494                 21.379911                        391.79777                          314.53447             1019.2504                             271.86352        199.49721
             14       1192.2473      0.37169072       1.2433313      -12.869399       1.4452305       1.0400217       1.0328521        1.040345     0.022242584      0.11783529     0.044375463        1.045081       1.0987435      0.99708036       2.3533728       17.511821   1.3508309e-13       27.876001       67.807847      0.30605846      0.14072274      0.69386297      0.24580099      0.24713245       2.4712979        6.631957      0.84382271       1.0247342      0.46682425        0.627628       13.819445       147.81927       16.369025        803.7336       155.31724        155.31724       2073.8602          16.369025                  21.66062                        395.62237                          386.45061             744.17436                             304.58812        204.99506
              2       982.72369      0.37169072       1.2433313      -12.869399       1.4452305       1.0400217       1.0328521       1.0399937     0.022223897      0.11822109     0.047907818       1.0463552       1.0762419       0.9683991       2.3533728       17.511821   1.3508309e-13       27.876001       67.537281      0.30932046      0.14108986      0.69060034      0.24579294      0.24712437       2.4747042       7.0198164      0.84494275       1.0281477      0.46992831      0.63012897        13.83359       147.73697        21.22854       695.04954        164.6376         164.6376       1636.1722           21.22854                 21.192777                        392.93379                          280.92298             435.70721                             284.98797        199.19891
              1       941.95656      0.37169072       1.2433313      -12.869399       1.4452305       1.0420226        1.029334       1.0405035     0.022241768      0.11856165     0.053817999       1.0445953       1.0771457      0.97559118       2.3533728       17.511821   1.3508309e-13       27.876001       67.601381      0.30951845      0.14144828       0.6904025      0.24580064       0.2471321       2.4714465       7.6382708      0.84656441       1.0296325      0.47098088      0.63143935       13.818001       147.62596       20.547948       644.28369       151.83284        151.83284       1580.2474          20.547948                 20.903382                         390.6184                          232.76191             488.74798                             235.96513         190.7027
