1.1176990560561136e-09,1.0188021106307263
1.366385379074719e-09,1.0188055023904263
1.6704058766296339e-09,1.0188199687970567
2.0420674874275613e-09,1.0188197153023721
2.4964231567486814e-09,1.0187870253090647
3.0518800214414715e-09,1.0188256455339952
3.7309134727125434e-09,1.0188133736547291
4.5610297531444955e-09,1.0187973242804456
5.575867203710531e-09,1.0188308318045616
6.81649663577434e-09,1.0187978870377232
8.333138203181833e-09,1.0188202951906244
1.0187237361385424e-08,1.0187954538760107
1.2453888904825088e-08,1.0188040870984687
1.5224893749898198e-08,1.0188186377506006
1.8612357657996614e-08,1.0187959349414968
2.275356599142365e-08,1.018789657691337
2.7816322599211077e-08,1.0188032120246024
3.4005317376160547e-08,1.018830323053402
4.157154013598688e-08,1.0187895658219512
5.08211436654157e-08,1.0188091385190674
6.212870082536862e-08,1.0188313027114062
7.5952072457738e-08,1.0187836560502515
9.285180503711656e-08,1.0188206048140689
1.135108104540825e-07,1.0187979766627016
1.3876694288195618e-07,1.0188099115812628
1.696419015775477e-07,1.0187870804389714
2.0738753330012895e-07,1.018795856027185
2.535305123822623e-07,1.0188021391299917
3.099400288351246e-07,1.018777681059042
3.789016384546973e-07,1.018798643865287
4.632070310215967e-07,1.018799909219809
5.662689064221676e-07,1.018776776804333
6.922658795095854e-07,1.018787613345649
8.462901432419554e-07,1.018777138543882
1.0345871313406007e-06,1.0187331522264527
1.2647823951982363e-06,1.0187445646300357
1.5461908357900166e-06,1.0187081899233548
1.890218649840266e-06,1.0187187947922962
2.3107849435053166e-06,1.0186619645374044
2.824930124334426e-06,1.0186543891531297
3.4534732761508164e-06,1.0186223896825977
4.221856709390705e-06,1.0185807362991037
5.1612159888153884e-06,1.0185464566371107
6.30956704624301e-06,1.018485852690774
7.713420628047354e-06,1.0184154561744263
9.429632017213601e-06,1.0183197821677072
1.1527685776851066e-05,1.0182211466061162
1.409252407304072e-05,1.0180893279274448
1.7228112069384888e-05,1.0179857283458011
2.1061429366237657e-05,1.0177727211828274
2.5747631233409787e-05,1.0175775197781742
3.147601186754634e-05,1.0172789441885404
3.848027078066899e-05,1.0170127161624358
4.704239005205386e-05,1.0166445740480536
5.750976077059416e-05,1.0161822651518202
7.030607542544322e-05,1.0156439535431245
8.595016990970274e-05,1.014945613132459
0.00010507593814972223,1.0141049266337734
0.00012845697258220901,1.013051388033453
0.0001570418755815669,1.0117609739418292
0.0001919892070909821,1.010176740319494
0.00023469502813669503,1.0081250619417648
0.0002868957016741286,1.0055317556098091
0.0003507041460975333,1.0024480012136472
0.00042876374640584493,0.9990662235362665
0.0005241976230207012,0.9948695880259736
0.0006407311173635448,0.9894254179337406
0.0007833611133723326,0.9832357334841595
0.0009575033609431761,0.9755704316695765
0.0011706152689028159,0.9666922586586549
0.0014310161094555837,0.956005294902744
0.0017490509706085582,0.9435973791390048
0.0021384101635436676,0.9290294240372728
0.0026133776209618215,0.9128545329246139
0.0031946791128620927,0.8942036258611921
0.0039047413309697006,0.8739123923790195
0.004772622262022607,0.8520390147063507
0.005833069250225126,0.8294169401668918
0.007128149992120243,0.8066585798743726
0.008710278546128897,0.7845032743371253
0.010641876656669774,0.7633392673636723
0.013000804907416478,0.7436700849490423
0.015880100095396733,0.7255571570044024
0.019388140146896594,0.7111038245573433
0.02366856630427136,0.6967401608180803
0.028885656728358765,0.6856537681455209
0.03524168478350538,0.679145787564471
0.04298014939469938,0.6772556411811059
0.052394911483284706,0.6821437368689378
0.06384470191098354,0.6971205265945049
0.07776016119665921,0.7237298923972201
0.09467270878571393,0.7675046884473
0.11522717738001197,0.840911521921473
0.14020075574749621,0.9336226391511824
0.17055735706066705,1.0699475301725458
0.2074546781700544,1.2529041028393788
0.252341197007998,1.5049835621152823
0.3069891985416613,1.833876684054099
0.3735182966922976,2.2699124297382234
0.45460859888420996,2.8798866077526846
0.5534962605921606,3.716341351367431
0.6741245574273711,4.895633868663253
0.8213704344596219,6.599975162949172
1.0011778130488753,9.079704185370854
1.22077632058397,12.832866764013245
1.4890874342814266,18.611769342136874
1.8169362611793463,27.708031967519396
2.2175891587080776,42.44303515567577
2.7072681527255207,67.27470039668397
3.305808215984182,110.18697096727821
4.037422841780518,187.28516677528782
4.931777875965474,330.8704280206574
6.025059432270395,609.0555068064087
7.361538612792607,1172.3498858033163
8.995340476992983,2363.142964905311
10.992630340520916,5000.956377382568
13.434292381217979,11125.715619251516
16.41917634511623,26084.549709963583
20.068200011533303,64462.47253997924
24.529087496228684,168078.08432757104
29.98249226731697,462456.35490761144
36.649288744753335,1341878.5043464114
44.79943306588174,4105148.458808543
54.762914739269185,13222318.081262724
66.94330907693444,44795569.09743562
81.83380905022368,159311626.56464288
100.03739747115934,593785117.6466422
122.29123984848704,2314479505.6969786
149.49654084809936,9412324336.798552
182.75499287973676,39845029123.10715
223.41294722733392,175134438028.92462
273.11821647805266,797349787822.8809
333.8822279941528,3750196855876.8623
408.1662163047311,18177013054855.656
498.9782047755669,90570509592017.73
609.9958473767356,462789566337812.8
745.7146484404637,2419601298118268.5
911.6307982980204,1.2915369370642634e+16
1114.4593689420599,7.0228510162239784e+16
1362.424847870523,3.884196528967848e+17
1665.5580503789795,2.180332479132734e+18
2036.1377936531928,1.240259380731484e+19
2489.1710890144113,7.138534939789569e+19
3043.003392745894,4.151579523666142e+20
3720.062422999567,2.436587496865774e+21
4547.766637955218,1.4415392893039737e+22
5559.633202148151,8.588271790125608e+22
6796.639006914632,5.147915631268995e+23
8308.876133092657,3.102075756985606e+24
10157.584544654685,1.8778637364693868e+25
