11.73244071273979,5520.431026580703
12.15972910690628,6446.760401822238
12.605826942416796,7551.577321796344
13.071837010449961,8872.297287723193
13.558830076659929,10455.63355093031
14.067464673449875,12357.353734887109
14.598563638117087,14652.76275281184
15.153933759146334,17425.481573848956
15.734034595124019,20787.913417727454
16.3396178844901,24874.159208641056
16.973333954539893,29856.11917965684
17.634812421854136,35948.85086407223
18.325814663997033,43411.49116558716
19.04853604367264,52595.7968037943
19.80219338336071,63926.38290985177
20.59132193268833,77944.96684305144
21.4154046751692,95334.21210777063
22.276223546675,116947.11978364219
23.175740512618436,143937.15524860175
24.116252303227594,177717.51932794682
25.098819563032027,220101.3390441603
26.125938681513507,273434.7019075058
27.198841869535215,340795.99430083344
28.321090665838526,426103.45012814534
29.492555632040695,534434.8363241693
30.719028099388876,672377.857556479
31.999395960885305,848557.5142141492
33.33838254146588,1074285.3856414496
34.73753745657489,1364208.0194986358
36.200165920969226,1737809.3689281933
37.72951199874106,2220470.057114053
39.327473797267295,2845868.25418774
40.99804029901884,3658560.963104446
42.746203163184475,4717252.374316164
44.573227125095784,6100528.069734039
46.48326103757937,7913543.267861999
48.48127472826953,10294438.662406806
50.56786562704234,13433896.45217991
52.74935984134248,17582394.785781395
55.03214381553064,23076515.956329454
57.417980823931735,30375206.28838659
59.916567373850064,40087644.770042345
62.52381079272434,53075686.41721984
65.25410250921007,70447490.38024013
68.10854358701978,93777641.48666969
71.09331247859772,125171244.01786253
74.21442431762235,167533605.9734683
77.4793723709624,224829628.4125496
80.89406677875448,302522384.9984133
84.46474353768131,408141615.3628571
88.1999835440672,552078953.8506824
92.10451545865587,748702314.7722565
96.18770591654987,1017993370.1653098
100.46303313841979,1387419628.278059
104.93254200777578,1895685168.9310951
109.60836916927136,2596305499.500378
114.49969205350001,3564431578.1821027
119.6124862526989,4905816792.11161
124.96624724374038,6766558880.323597
130.56058374117174,9356360099.89667
136.42067108762092,12963310867.123878
142.5428206407155,18005193363.002296
148.9504330804539,25060332533.497044
155.655519050416,34954119924.51131
162.66474437516695,48863806377.39048
169.9978570085502,68451831234.64403
177.67600785946888,96072483658.9321
185.70003813786738,135143096849.69072
194.0994375417293,190448087178.4357
202.88551956846672,268927605851.4068
212.08415458767234,380405101668.6941
221.69746051897167,539254528468.9116
231.75872474611668,765767002839.5057
242.28325490693592,1089423316371.9829
253.29849819285866,1552527742691.4626
264.8196985691028,2216513844632.8506
276.8687829634295,3170201242215.736
289.47796768404555,4541541365111.424
302.6752356775493,6515869366914.837
316.47675139005855,9365464664101.877
330.91971671050715,13479483114423.594
346.03169529839386,19461199257963.367
361.8419699499238,27813332701367.465
378.38539421342665,41251819455640.14
395.6873640464197,106715891344003.36
413.7897862213781,1617180162801865.2
432.73669760864124,469008522612229.75
452.5579691490786,-2.1386149610573053e+17
473.2939108481601,7.376352033121743e+17
