0.01114515481105726,13.011952142174428
0.013729872727524982,14.506872253129814
0.01690954398793688,15.161249123944192
0.020820230258754274,15.636361537202147
0.025628935203122205,17.380177255999826
0.031532742884370864,17.736800237477887
0.038786601732497344,17.89740290361682
0.04768707996118226,18.3640316266929
0.05859994034984643,18.224932103267616
0.0719862335089829,18.446328007963967
0.08838271238432766,18.339679231357305
0.10847750902641885,18.102035286684977
0.13308385093056513,17.07511097654538
0.16323889136657876,17.34073300887102
0.2001990252936549,17.744865335121137
0.24553528345057513,17.41653845587908
0.3011470993138738,18.14058858341829
0.3694392031971736,18.760372707473028
0.4533650127459901,19.39178565211238
0.5565538448341729,20.663552684806092
0.6834939436725054,21.30183100793654
0.8397508881501259,26.371282141628424
1.032176415642311,31.765975116564718
1.2691718884252015,37.24696596405678
1.5611956935793945,49.24266135364367
1.9210207221527733,67.49040740610361
2.364505209508847,94.13033896100221
2.9111551334691774,130.86335064392404
3.5849581559030708,209.83711680061955
4.415594370519615,338.8715155534329
5.4395688980905295,635.6548800630255
6.701880921603377,1042.6801918353917
8.258096967054598,2119.4539641893507
10.176625308619032,4273.2921944819445
12.541865622690946,9340.212704639094
15.457776510469632,24021.100474519546
19.05264606114213,52776.497017890986
23.484560963318785,144350.94016690843
28.94841495154862,412697.22577284864
35.68448379433642,1200164.1306632329
43.98899972634525,3982722.2054541553
54.227201379510156,12498212.94633211
66.84934891489495,45336771.827365
82.41049579644569,167934145.71626842
101.59503749573,670534873.2616631
