1.1176990014077333e-09,1.0553386819405068
1.37795071453941e-09,1.0641165916432582
1.6988053311155973e-09,1.0111199441294674
2.094366613377809e-09,1.0905901496283388
2.582029835063707e-09,1.0328093862274774
3.1832470621116203e-09,1.0331140798717706
3.924455759475251e-09,1.0637540347285237
4.838262524080687e-09,1.0029196337456474
5.964824620832221e-09,1.0142841897496901
7.353738993872227e-09,1.0629120372139278
9.066005539681075e-09,1.0113052835971084
1.1177004631814868e-08,1.063682647278293
1.3779518444068803e-08,1.051963437986685
1.698802495053346e-08,1.0598816059783382
2.0943636912122753e-08,1.1005752349098237
2.5820301096231223e-08,1.0209291714941402
3.183255371288682e-08,1.041497754533087
3.924455943232478e-08,1.0682323047400373
4.8382577054183366e-08,1.040872426947903
5.964837620707751e-08,0.993101803309047
7.353713761899853e-08,1.0309723105550685
9.065992529926415e-08,1.069242421626266
1.117701010464381e-07,0.9963854929658248
1.377951355003808e-07,1.0692194939695772
1.6988051507149127e-07,1.0640610729311535
2.0943622099696741e-07,1.0618357043096907
2.5820292401206026e-07,0.9867918418298908
3.183250390187018e-07,1.0336723997682953
3.924464023427791e-07,1.0842607674439106
4.83825168667412e-07,1.0782393969325585
5.964842195010688e-07,1.080446158789382
7.353715259018194e-07,1.0249244406753748
9.066002897045231e-07,1.057126428241814
1.1176990617801483e-06,1.04847891880953
1.3779521794729475e-06,0.9750650450541782
1.6988053866136447e-06,1.041956940936832
2.094361521801205e-06,0.9835913349443338
2.5820199042733924e-06,1.0656814298764983
3.183238892860341e-06,1.1028677080855631
3.924437605689516e-06,1.0307455029801948
4.8382356737089605e-06,1.0722325549057674
5.964795521097577e-06,1.0422555121889103
7.353666141496869e-06,1.0387633859899332
9.065907792189812e-06,1.052137838727881
1.1176839057822578e-05,1.011200705670857
1.3779337388494134e-05,0.9888975273302169
1.6987757877320012e-05,1.0061223630753202
2.0943411702649006e-05,1.079029856953757
2.5820108573906715e-05,1.0242095229086692
3.183239735613548e-05,1.105636536685556
3.924458720573525e-05,1.0398026621586665
4.838291073109021e-05,1.0420141495876742
5.9649229213453066e-05,1.0510099209969341
7.353917650268556e-05,1.0254676200792678
9.066345832633458e-05,1.048560624679591
0.00011177636809500726,1.038417800537118
0.0001378058965769591,1.0478506062179507
0.00016989781473674716,1.0679290113972988
0.00020945852268247826,1.0926179425775837
0.0002582142815351043,1.031689887984896
0.00031831455793312227,1.1007020464572617
0.00039243422697379457,1.0452358719346106
0.000483848657982045,1.0353928930444063
0.000596464188885159,0.9860647274542692
0.0007353288486957839,1.0073520991488651
0.0009065206519925618,1.0741152333960433
0.0011176691718912464,0.9659024768135073
0.0013778613206426517,1.0878270408202746
0.0016984206709569519,1.1001947721542422
0.0020935227304500472,1.0408317529609659
0.00258121455609251,1.025947061884416
0.0031813227749168784,1.0101225631938482
0.003921574457154476,0.9987904006252719
0.0048344211170592705,0.989616350305788
0.005957003233622857,0.9885218388667909
0.007340977335781645,1.0390282317326918
0.009046375377828207,0.9705815525437066
0.011146442986593067,0.9397163006381929
0.013730452611669565,0.9137122568434055
0.01690892115575982,0.8251055102893098
0.020818882784698883,0.8876930882694112
0.025627870953559714,0.8246138693247226
0.0315352522727995,0.8235566624141368
0.03878552379542997,0.7444709275953356
0.04768707998338626,0.7550269918847304
0.05860370111092341,0.7669692895058886
0.07198919260834807,0.7753903365978786
0.08838736134119136,0.806042902242316
0.10847413967858026,0.9009242213431238
0.13308559773492395,0.9073067844170917
0.16324290566561975,1.1565720755091946
0.20020774705432615,1.2756016372627452
0.24553233438999073,1.4491412150061829
0.3011469599395307,1.7828089883527294
0.3694442458294826,2.3839279329217495
0.4533565104692874,2.8316119843227776
0.5565521019193451,4.129610150340006
0.6834960843511245,5.062974239102494
0.8397638406346457,6.728003145647086
1.0321663836570976,9.911980248222207
