0.01114515481105726,12.554699474129562
0.013729872727524982,13.887267165806575
0.01690954398793688,15.121770764334894
0.020820230258754274,15.906330769131424
0.025628935203122205,16.839719036644208
0.031532742884370864,17.60088798664682
0.038786601732497344,17.881383180406942
0.04768707996118226,18.037192146230325
0.05859994034984643,18.11146759229416
0.0719862335089829,18.183508491042584
0.08838271238432766,18.100658811354013
0.10847750902641885,17.923148297155322
0.13308385093056513,17.634882574376267
0.16323889136657876,17.498007633984997
0.2001990252936549,17.45784734209462
0.24553528345057513,17.497475541414218
0.3011470993138738,17.75830805923988
0.3694392031971736,18.37518942302073
0.4533650127459901,19.398783679880008
0.5565538448341729,20.915195294821288
0.6834939436725054,23.162743825796436
0.8397508881501259,26.519759950233208
1.032176415642311,31.253722712799064
1.2691718884252015,38.40278834970352
1.5611956935793945,49.12344350052452
1.9210207221527733,65.63503752743232
2.364505209508847,91.88581154803376
2.9111551334691774,135.14294020153105
3.5849581559030708,209.61039852030748
4.415594370519615,342.92378531991295
5.4395688980905295,593.3531752681655
6.701880921603377,1086.4745593656019
8.258096967054598,2112.064834428505
10.176625308619032,4356.6475883432795
12.541865622690946,9550.075830234731
15.457776510469632,22259.276783456753
19.05264606114213,55173.633281145354
23.484560963318785,145488.31701541317
28.94841495154862,407769.36907528853
35.68448379433642,1214173.5843346796
43.98899972634525,3836902.076330928
54.227201379510156,12844010.846487809
66.84934891489495,45478113.455228046
82.41049579644569,169932083.11744487
101.59503749573,668699620.3509027
