21.547394162700463,0.01
21.47668557693804,0.012328467394420659
21.401297914360214,0.01519911082952934
21.31532383113543,0.01873817422860384
21.21227950051243,0.023101297000831605
21.109684220571058,0.02848035868435802
20.978342725759013,0.03511191734215131
20.832763667838194,0.04328761281083057
20.673334224024536,0.0533669923120631
20.477437109977792,0.06579332246575682
20.265577208669317,0.08111308307896872
20.01620880821826,0.1
19.74442531720451,0.12328467394420659
19.4300863599298,0.1519911082952934
19.074546616943017,0.1873817422860384
18.66634767264896,0.23101297000831603
18.21906120124257,0.2848035868435802
17.716345283418736,0.3511191734215131
17.154561603842176,0.43287612810830595
16.539067729497162,0.533669923120631
15.873550296271025,0.6579332246575682
15.156653003681756,0.8111308307896873
14.394383950554984,1.0
13.60396585307267,1.232846739442066
12.785908957788573,1.5199110829529332
11.960743925087584,1.873817422860385
11.133753385448488,2.31012970008316
10.316142937889182,2.848035868435802
9.52170115371168,3.511191734215131
8.755000941101637,4.328761281083057
8.024099518018158,5.336699231206312
7.33441377789283,6.5793322465756825
6.6869932062762505,8.111308307896872
6.084168505708917,10.0
5.525660440693665,12.32846739442066
5.011406783832235,15.199110829529348
4.539226320130684,18.73817422860385
4.107263282832034,23.101297000831604
3.7132698194345077,28.48035868435802
3.354762973542168,35.11191734215131
3.029152901795349,43.287612810830616
2.7338273618704507,53.366992312063125
2.4663175191526716,65.79332246575683
2.2243024049320987,81.11308307896873
2.0054966144638455,100.0
