21.917161434245184,1e-09
21.91721929993428,1.2328467394420684e-09
21.91703887340567,1.519911082952933e-09
21.91703884820302,1.873817422860387e-09
21.91715498233117,2.310129700083158e-09
21.91715498233117,2.848035868435805e-09
21.917154982331123,3.5111917342151273e-09
21.916961425792806,4.328761281083061e-09
21.917142078508725,5.336699231206302e-09
21.916832389050224,6.579332246575682e-09
21.917116270886744,8.11130830789689e-09
21.91703884820302,1e-08
21.91714207850876,1.2328467394420658e-08
21.917193693843966,1.519911082952933e-08
21.91716788606309,1.873817422860383e-08
21.917143691486125,2.310129700083158e-08
21.916909811004604,2.848035868435805e-08
21.91714853041901,3.5111917342151277e-08
21.917051751964664,4.328761281083061e-08
21.916935618383512,5.3366992312063125e-08
21.91714853041901,6.579332246575682e-08
21.917245309300718,8.111308307896873e-08
21.91698723323249,1e-07
21.917167886161096,1.232846739442066e-07
21.91703884820301,1.519911082952933e-07
21.917222727523335,1.8738174228603868e-07
21.917161383839616,2.310129700083158e-07
21.91703884820302,2.848035868435805e-07
21.916935618383512,3.5111917342151277e-07
21.91714207850876,4.3287612810830616e-07
21.916832389050214,5.336699231206313e-07
21.917090463295107,6.579332246575682e-07
21.917090463295107,8.111308307896872e-07
21.917090463295107,1e-06
21.91703884820302,1.232846739442066e-06
21.916935618383512,1.519911082952933e-06
21.91714207850876,1.873817422860387e-06
21.917361444522843,2.310129700083158e-06
21.917206597696754,2.848035868435805e-06
21.917354992549914,3.5111917342151275e-06
21.917193693843966,4.328761281083061e-06
21.917245309300718,5.336699231206312e-06
21.917322732713764,6.579332246575683e-06
21.917587264771946,8.111308307896873e-06
21.917761470553867,9.999999999999999e-06
21.91755500616912,1.2328467394420658e-05
21.917658237330773,1.5199110829529332e-05
21.916935618383512,1.873817422860383e-05
21.91631624967686,2.310129700083158e-05
21.91549045196183,2.8480358684358048e-05
21.91476790448583,3.511191734215135e-05
21.913555110490794,4.328761281083062e-05
21.912084365277273,5.3366992312063123e-05
21.91022672294159,6.579332246575683e-05
21.90826604910592,8.111308307896872e-05
21.905170605533353,0.0001
21.901766122750477,0.0001232846739442066
21.89753704787665,0.0001519911082952933
21.894958744467047,0.0001873817422860383
21.897846464687973,0.00023101297000831627
21.901353494127388,0.0002848035868435805
21.896711957754174,0.0003511191734215135
21.88413318482502,0.00043287612810830614
21.884854722249752,0.0005336699231206312
21.87923766637728,0.0006579332246575682
21.8719737052256,0.0008111308307896872
21.853924545060718,0.001
21.842308368443675,0.0012328467394420659
21.838429119384703,0.0015199110829529332
21.831828272987362,0.001873817422860383
21.79548359793382,0.0023101297000831626
21.787584096740986,0.0028480358684358047
21.756947833917636,0.0035111917342151347
21.709940583688436,0.004328761281083062
21.694248358655035,0.005336699231206312
21.655139107955414,0.006579332246575682
21.599879132779066,0.008111308307896872
21.536512630618056,0.01
21.472691117979423,0.012328467394420659
21.40480599784965,0.01519911082952933
21.321542024187266,0.01873817422860387
21.21630992993655,0.023101297000831626
21.10184675779647,0.028480358684358047
20.981129488656087,0.03511191734215135
20.832763624369303,0.043287612810830614
20.66657917205311,0.05336699231206313
20.472975612264058,0.06579332246575682
20.259650760979138,0.08111308307896872
20.01986075183619,0.1
19.742805088699253,0.12328467394420685
19.426884042332254,0.1519911082952933
19.068536141871814,0.18738174228603868
18.668109247031232,0.2310129700083158
18.219133589851253,0.2848035868435805
17.714068076526548,0.3511191734215127
17.15789527826921,0.43287612810830617
16.539658663988238,0.5336699231206302
15.872925463014253,0.6579332246575682
15.153424240386617,0.811130830789689
14.396501147437677,1.0
