1.0842970444152747e-9 1.0088475176733378
2.1685940889921008e-9 1.008847321151558
4.87933670116127e-9 1.0088473735891075
7.590079314361095e-9 1.0088473779404818
1.0300821928587665e-8 1.0088472078057102
1.3011564543846213e-8 1.008847210607492
4.0118990752833136e-8 1.0088459016388145
6.722641706474247e-8 1.0088455515455192
9.433384347915996e-8 1.008844724387432
1.214412699962278e-7 1.0088439892949062
3.925155408197358e-7 1.0088360572507673
6.635898219176896e-7 1.008827832121602
9.346641132872412e-7 1.0088191898438548
1.2057384149334008e-6 1.0088104466789247
3.91648199642583e-6 1.0087178012928526
6.627226605237915e-6 1.0086174519574602
9.337972241339342e-6 1.0085158305601511
0.000012048718904624384 1.008407540569283
0.00002289171582866514 1.00796386522706
0.00003373471757437769 1.0075031120295623
0.00004457774431221346 1.007035346232225
0.00005542078740687234 1.0065608921354134
0.00006626384609041827 1.0060896515061941
0.00007710692174789168 1.0056188017259637
0.0000879500146030195 1.005153127231695
0.00009879312255100057 1.0046914443467463
0.00010963624697246873 1.0042368521906453
0.00021806840109322593 1.0001147317149435
0.00032650219347645073 0.9967992986488131
0.00043493762302906913 0.9941703875208664
0.0005433746870651618 0.992075299538054
0.0006518134105819046 0.9903854863391209
0.0007602536948150589 0.9890048723114082
0.000868695645919236 0.987860842564188
0.000977139218404802 0.9869003204936602
0.0010855844126190684 0.9860829870961205
0.0021701249950086725 0.9817310066129926
0.003254824971796673 0.9797517901053289
0.004339681826989191 0.9783725415589897
0.005424693178991872 0.9772086541457403
0.006509856361113087 0.9761393234560266
0.007595168943684332 0.9751180805824005
0.008680628619797973 0.9741242640768466
0.009766234262433234 0.9731478940854078
0.010851979519435546 0.9721843650749155
0.021716767854379718 0.9630019604096883
0.03259339372982357 0.9545959814107062
0.043480013615471776 0.9469969329772411
0.05437509346798935 0.9401907970973642
0.06527735948321117 0.9341413015061121
0.0761857487867102 0.92880437981852
0.08709936940135303 0.9241343705341609
0.09801746303684951 0.9200865006438285
0.10893938230359845 0.9166179818049919
0.2182756657491398 0.9062145691290076
0.32766740683798745 0.9239450950115388
0.43701939319362015 0.9571330473645355
0.5463042266410711 0.9998508420248983
0.6555176243604829 1.0490875265983708
0.7646634879909291 1.1031879173517458
0.8737483297767925 1.161177199723594
0.9827790939696345 1.2224464693290105
1.0917623127361766 1.2865958322016724
2.179951580260488 2.0508218698622733
3.266692838970874 3.001437504408357
4.352857896629232 4.123510781458122
5.438738603766596 5.414210788755646
6.52454999821021 6.874402539304163
7.610078931728441 8.506056465825136
8.695633367037754 10.31279518605132
9.78114187176828 12.298231395563688
10.866617141811421 14.466416009120895
16.293714653797817 28.200450821144702
21.72059266937835 47.16807069440929
27.147378430017685 71.93497331563451
32.574116815372626 103.06259059191196
38.000827649207075 141.10529774945186
43.427521031096376 186.61171551099136
48.85420268461993 240.1240043492683
54.28087607598288 302.1789175182023
59.70754339912912 373.30996679683335
65.13420617117022 454.0454838866053
70.56086534538078 544.9100221279939
75.98752186850034 646.4269329885803
81.41417604638853 759.1139222423233
86.84082859178268 883.4864950171615
92.26747937371128 1020.0678383186022
97.69412904456937 1169.3564285801006
103.12077778617919 1331.8858327414746
108.54742540907759 1508.1194012210046
119.40071886086083 1903.869793081475
131.3393389111533 2409.79147845795
144.4718186208854 3057.88827332109
158.91754401245373 3889.916478291069
174.80783963560734 4960.198826814719
192.28716368002745 6339.144308865108
211.5144175280169 8119.826953010025
232.66439538838503 10422.184815438524
255.92937030425747 13405.053387980955
281.52084073271396 17274.426364856263
309.67145748805245 22302.6567810265
340.6371348512986 28845.82232528931
374.6993794256578 37372.193455097455
412.16784759487643 48497.182397592434
453.3831612801766 63032.183099884984
498.7200064214641 82037.48704556408
548.5905304908715 106927.80191026785
603.448113021723 139565.65058547497
663.7914520593773 182392.19182171943
730.1691221611342 238622.40746347888
803.1845598871138 312546.7656998975
883.5015419505334 409821.8062394895
971.8502220165963 537923.2307884138
1069.0337694032407 706730.1654377742
1175.935669318922 929379.6383824152
1293.5277616799094 1.2230940452587097e6
1422.8790599232805 1.6112244298751757e6
1565.1654912882989 2.1238965645522564e6
1721.6805640031323 2.8016903334844466e6
1893.8471391192227 3.6977632856999193e6
2083.2303809980363 4.884664430118767e6
2291.5519421820923 6.455622364105272e6
2520.7056525872717 8.533274296961512e6
2772.7747412806452 1.1288878253247736e7
3050.050737237779 1.4952915803956082e7
3355.05433308684 1.980175941926481e7
3690.558290121554 2.6187163808906112e7
4059.6126411739633 3.470265104025856e7
4465.572430254433 4.600753110779064e7
4912.128196397247 6.100996766046605e7
5403.3395406454965 8.107889581675053e7
5943.672018904403 1.0761594133025067e8
6538.037742760708 1.4288526044527686e8
7191.840062470463 1.89839886621955e8
7911.022624787778 2.5217212874759418e8
8702.123462537505 3.350733760632451e8
9572.334564659586 4.450536922922737e8
10529.56611847131 5.923133583811077e8
